208 1
53 3
49 1
4 12
1 4
8 10
3 2
2 1
1 2
186 5
17 10
16 1
1 16
204 1
48 4
12 4
570 1
52 10
50 1
2 25
22 38
19 1
3 6
1 3
264 1
235 1
29 8
3 9
2 1
1 2
236 2
138 1
98 1
40 2
18 2
4 4
2 2
471 1
142 3
45 3
7 6
3 2
1 3
354 2
284 1
70 4
4 17
2 2
409 1
260 1
149 1
111 1
38 2
35 1
3 11
2 1
1 2
217 1
102 2
13 7
11 1
2 5
1 2
453 1
260 1
193 1
67 2
59 1
8 7
3 2
2 1
1 2
198 2
44 4
22 2
99 4
58 1
41 1
17 2
7 2
3 2
1 3
383 2
18 21
5 3
3 1
2 1
1 2
267 2
76 3
39 1
37 1
2 18
1 2
322 3
11 29
3 3
2 1
1 2
255 1
241 1
14 17
3 4
2 1
1 2
53 17
21 2
11 1
10 1
1 10
6 77
4 1
2 2
539 1
235 2
69 3
28 2
13 2
2 6
1 2
130 4
91 1
39 2
13 3
159 5
123 1
36 3
15 2
6 2
3 2
344 2
151 2
42 3
25 1
17 1
8 2
1 8
46 11
17 2
12 1
5 2
2 2
1 2
173 5
55 3
8 6
7 1
1 7
422 1
127 3
41 3
4 10
1 4
284 1
55 5
9 6
1 9
473 2
13 36
5 2
3 1
2 1
1 2
349 1
205 1
144 1
61 2
22 2
17 1
5 3
2 2
1 2
523 1
433 1
90 4
73 1
17 4
5 3
2 2
1 2
927 1
54 17
9 6
609 1
7 87
546 1
422 1
124 3
50 2
24 2
2 12
102 8
50 2
2 25
153 1
43 3
24 1
19 1
5 3
4 1
1 4
238 2
179 1
59 3
2 29
1 2
10 24
6 1
4 1
2 2
310 2
226 1
84 2
58 1
26 2
6 4
2 3
376 2
19 19
15 1
4 3
3 1
1 3
173 2
99 1
74 1
25 2
24 1
1 24
444 1
335 1
109 3
8 13
5 1
3 1
2 1
1 2
660 1
273 2
114 2
45 2
24 1
21 1
3 7
29 3
5 5
4 1
1 4
367 1
281 1
86 3
23 3
17 1
6 2
5 1
1 5
490 1
42 11
28 1
14 2
226 2
165 1
61 2
43 1
18 2
7 2
4 1
3 1
1 3
353 1
324 1
29 11
5 5
4 1
1 4
310 2
83 3
61 1
22 2
17 1
5 3
2 2
1 2
56 12
39 1
17 2
5 3
2 2
1 2
305 3
16 19
1 16
176 3
12 14
8 1
4 2
63 13
59 1
4 14
3 1
1 3
344 2
294 1
50 5
44 1
6 7
2 3
24 2
16 1
8 2
75 6
58 1
17 3
7 2
3 2
1 3
462 1
96 4
78 1
18 4
6 3
373 1
46 8
5 9
1 5
408 1
122 3
42 2
38 1
4 9
2 2
166 4
85 1
81 1
4 20
1 4
166 5
2 83
873 1
94 9
27 3
13 2
1 13
430 1
284 1
146 1
138 1
8 17
2 4
427 2
77 5
42 1
35 1
7 5
577 1
415 1
162 2
91 1
71 1
20 3
11 1
9 1
2 4
1 2
678 1
188 3
114 1
74 1
40 1
34 1
6 5
4 1
2 2
7 132
4 1
3 1
1 3
32 31
4 8
174 1
85 2
4 21
1 4
770 1
51 15
5 10
1 5
59 14
42 1
17 2
8 2
1 8
235 1
171 1
64 2
43 1
21 2
1 21
353 2
227 1
126 1
101 1
25 4
1 25
671 1
36 18
23 1
13 1
10 1
3 3
1 3
34 29
4 8
2 2
510 1
177 2
156 1
21 7
9 2
3 3
159 4
107 1
52 2
3 17
1 3
275 2
40 6
35 1
5 7
82 2
81 1
1 81
268 3
180 1
88 2
4 22
495 1
355 1
140 2
75 1
65 1
10 6
5 2
156 3
56 2
44 1
12 3
8 1
4 2
49 18
41 1
8 5
1 8
247 1
70 3
37 1
33 1
4 8
1 4
544 1
77 7
5 15
2 2
1 2
152 1
16 9
8 2
519 1
369 1
150 2
69 2
12 5
9 1
3 3
218 4
122 1
96 1
26 3
18 1
8 2
2 4
260 2
171 1
89 1
82 1
7 11
5 1
2 2
1 2
218 2
88 2
42 2
4 10
2 2
214 3
62 3
28 2
6 4
4 1
2 2
444 1
429 1
15 28
9 1
6 1
3 2
582 1
291 2
191 1
70 2
51 1
19 2
13 1
6 2
1 6
414 1
339 1
75 4
39 1
36 1
3 12
391 2
88 4
39 2
10 3
9 1
1 9
410 1
40 10
10 4
813 1
89 9
12 7
5 2
2 2
1 2
623 1
278 2
67 4
10 6
7 1
3 2
1 3
