890972 1
40224 22
6044 6
3960 1
2084 1
1876 1
208 9
4 52
335969 2
15443 21
11666 1
3777 3
335 11
92 3
59 1
33 1
26 1
7 3
5 1
2 2
1 2
312653 2
83181 3
63110 1
20071 3
2897 6
2689 1
208 12
193 1
15 12
13 1
2 6
1 2
724547 1
106215 6
87257 1
18958 4
11425 1
7533 1
3892 1
3641 1
251 14
127 1
124 1
3 41
1 3
108154 7
5357 20
1014 5
287 3
153 1
134 1
19 7
1 19
40540 3
40092 1
448 89
220 2
8 27
4 2
839016 1
76520 10
73816 1
2704 27
808 3
280 2
248 1
32 7
24 1
8 3
489742 2
2791 175
1317 2
157 8
61 2
35 1
26 1
9 2
8 1
1 8
366520 1
202731 1
163789 1
38942 4
8021 4
6858 1
1163 5
1043 1
120 8
83 1
37 2
9 4
1 9
214277 1
112748 1
101529 1
11219 9
558 20
59 9
27 2
5 5
2 2
1 2
450333 2
49277 9
6840 7
1397 4
1252 1
145 8
92 1
53 1
39 1
14 2
11 1
3 3
2 1
1 2
569763 1
107035 5
34588 3
3271 10
1878 1
1393 1
485 2
423 1
62 6
51 1
11 4
7 1
4 1
3 1
1 3
60972 9
60059 1
913 65
714 1
199 3
117 1
82 1
35 2
12 2
11 1
1 11
492081 1
141846 3
66543 2
8760 7
5223 1
3537 1
1686 2
165 10
36 4
21 1
15 1
6 2
3 2
904706 1
93095 9
66851 1
26244 2
14363 1
11881 1
2482 4
1953 1
529 3
366 1
163 2
40 4
3 13
1 3
677867 1
294148 2
89571 3
25435 3
13266 1
12169 1
1097 11
102 10
77 1
25 3
2 12
1 2
452826 2
74165 6
7836 9
3641 2
554 6
317 1
237 1
80 2
77 1
3 25
2 1
1 2
663350 1
306310 2
50730 6
1930 26
550 3
280 1
270 1
10 27
432594 1
321946 1
110648 2
100650 1
9998 10
670 14
618 1
52 11
46 1
6 7
4 1
2 2
329066 2
2548 129
374 6
304 1
70 4
24 2
22 1
2 11
70316 2
38498 1
31818 1
6680 4
5098 1
1582 3
352 4
174 2
4 43
2 2
623530 1
31478 19
25448 1
6030 4
1328 4
718 1
610 1
108 5
70 1
38 1
32 1
6 5
2 3
175886 5
90378 1
85508 1
4870 17
2718 1
2152 1
566 3
454 1
112 4
6 18
4 1
2 2
229959 4
52697 4
19171 2
14355 1
4816 2
4723 1
93 50
73 1
20 3
13 1
7 1
6 1
1 6
425678 2
11926 35
8268 1
3658 2
952 3
802 1
150 5
52 2
46 1
6 7
4 1
2 2
130316 2
90332 1
39984 2
10364 3
8892 1
1472 6
60 24
32 1
28 1
4 7
7254 31
3892 1
3362 1
530 6
182 2
166 1
16 10
6 2
4 1
2 2
123149 7
76545 1
46604 1
29941 1
16663 1
13278 1
3385 3
3123 1
262 11
241 1
21 11
10 2
1 10
132504 1
55847 2
20810 2
14227 1
6583 2
1061 6
217 4
193 1
24 8
1 24
135592 1
30113 4
15140 1
14973 1
167 89
110 1
57 1
53 1
4 13
1 4
160988 3
64276 2
32436 1
31840 1
596 53
252 2
92 2
68 1
24 2
20 1
4 5
471810 1
79373 5
74945 1
4428 16
4097 1
331 12
125 2
81 1
44 1
37 1
7 5
2 3
1 2
128285 2
29803 4
9073 3
2584 3
1321 1
1263 1
58 21
45 1
13 3
6 2
1 6
149561 2
80313 1
69248 1
11065 6
2858 3
2491 1
367 6
289 1
78 3
55 1
23 2
9 2
5 1
4 1
1 4
788837 1
170680 4
106117 1
64563 1
41554 1
23009 1
18545 1
4464 4
689 6
330 2
29 11
11 2
7 1
4 1
3 1
1 3
523547 1
466829 1
56718 8
13085 4
4378 2
4329 1
49 88
17 2
15 1
2 7
1 2
204730 1
46869 4
17254 2
12361 1
4893 2
2575 1
2318 1
257 9
5 51
2 2
1 2
59258 12
42530 1
16728 2
9074 1
7654 1
1420 5
554 2
312 1
242 1
70 3
32 2
6 5
2 3
532116 1
205207 2
121702 1
83505 1
38197 2
7111 5
2642 2
1827 1
815 2
197 4
27 7
8 3
3 2
2 1
1 2
113336 8
41422 2
30492 1
10930 2
8632 1
2298 3
1738 1
560 3
58 9
38 1
20 1
18 1
2 9
641570 1
107086 5
106140 1
946 112
188 5
6 31
2 3
528353 1
190462 2
147429 1
43033 3
18330 2
6373 2
5584 1
789 7
61 12
57 1
4 14
1 4
17129 53
437 39
86 5
7 12
2 3
1 2
349158 1
51487 6
40236 1
11251 3
6483 1
4768 1
1715 2
1338 1
377 3
207 1
170 1
37 4
22 1
15 1
7 2
1 7
218578 3
65358 3
22504 2
20350 1
2154 9
964 2
226 4
60 3
46 1
14 3
4 3
2 2
153003 2
38080 4
683 55
515 1
168 3
11 15
3 3
2 1
1 2
214197 3
180691 1
33506 5
13161 2
7184 1
5977 1
1207 4
1149 1
58 19
47 1
11 4
3 3
2 1
1 2
271542 1
130894 2
9754 13
4092 2
1570 2
952 1
618 1
334 1
284 1
50 5
34 1
16 2
2 8
483100 1
8099 59
5259 1
2840 1
2419 1
421 5
314 1
107 2
100 1
7 14
2 3
1 2
66429 1
36784 1
29645 1
7139 4
1089 6
605 1
484 1
121 4
103474 8
40376 2
22722 1
17654 1
5068 3
2450 2
168 14
98 1
70 1
28 2
14 2
66298 9
54473 1
11825 4
7173 1
4652 1
2521 1
2131 1
390 5
181 2
28 6
13 2
2 6
1 2
260722 2
137793 1
122929 1
14864 8
4017 3
2813 1
1204 2
405 2
394 1
11 35
9 1
2 4
1 2
753915 1
190328 3
182931 1
7397 24
5403 1
1994 2
1415 1
579 2
257 2
65 3
62 1
3 20
2 1
1 2
589530 1
327240 1
262290 1
64950 4
2490 26
210 11
180 1
30 6
555861 1
387873 1
167988 2
51897 3
12297 4
2709 4
1461 1
1248 1
213 5
183 1
30 6
3 10
407650 1
391186 1
16464 23
12514 1
3950 3
664 5
630 1
34 18
18 1
16 1
2 8
82498 11
12660 6
6538 1
6122 1
416 14
298 1
118 2
62 1
56 1
6 9
2 3
698036 1
21453 32
11540 1
9913 1
1627 6
151 10
117 1
34 3
15 2
4 3
3 1
1 3
56692 8
48123 1
8569 5
5278 1
3291 1
1987 1
1304 1
683 1
621 1
62 10
1 62
61750 12
24108 2
13534 1
10574 1
2960 3
1694 1
1266 1
428 2
410 1
18 22
14 1
4 3
2 2
888900 1
107428 8
29476 3
19000 1
10476 1
8524 1
1952 4
716 2
520 1
196 2
128 1
68 1
60 1
8 7
4 2
272416 1
234604 1
37812 6
7732 4
6884 1
848 8
100 8
48 2
4 12
603589 1
216104 2
171381 1
44723 3
37212 1
7511 4
7168 1
343 20
308 1
35 8
28 1
7 4
327147 2
149523 2
28101 5
9018 3
1047 8
642 1
405 1
237 1
168 1
69 2
30 2
9 3
3 3
218759 3
110793 1
107966 1
2827 38
540 5
127 4
32 3
31 1
1 31
778380 1
187302 4
29172 6
12270 2
4632 2
3006 1
1626 1
1380 1
246 5
150 1
96 1
54 1
42 1
12 3
6 2
395283 1
153709 2
87865 1
65844 1
22021 2
21802 1
219 99
121 1
98 1
23 4
6 3
5 1
1 5
384305 2
177671 2
28963 6
3893 7
1712 2
469 3
305 1
164 1
141 1
23 6
3 7
2 1
1 2
342161 1
39284 8
27889 1
11395 2
5099 2
1197 4
311 3
264 1
47 5
29 1
18 1
11 1
7 1
4 1
3 1
1 3
419531 2
1492 281
279 5
97 2
85 1
12 7
1 12
630490 1
37425 16
31690 1
5735 5
3015 1
2720 1
295 9
65 4
35 1
30 1
5 6
216197 2
145899 1
70298 2
5303 13
1359 3
1226 1
133 9
29 4
17 1
12 1
5 2
2 2
1 2
283162 2
30092 9
12334 2
5424 2
1486 3
966 1
520 1
446 1
74 6
2 37
504128 1
214354 2
75420 2
63514 1
11906 5
3984 2
3938 1
46 85
28 1
18 1
10 1
8 1
2 4
284289 1
172436 1
111853 1
60583 1
51270 1
9313 5
4705 1
4608 1
97 47
49 1
48 1
1 48
147403 1
69493 2
8417 8
2157 3
1946 1
211 9
47 4
23 2
1 23
68217 2
51641 1
16576 3
1913 8
1272 1
641 1
631 1
10 63
1 10
529746 1
316171 1
213575 1
102596 2
8383 12
2000 4
383 5
85 4
43 1
42 1
1 42
52960 2
42212 1
10748 3
9968 1
780 12
608 1
172 3
92 1
80 1
12 6
8 1
4 2
401492 2
164747 2
71998 2
20751 3
9745 2
1261 7
918 1
343 2
232 1
111 2
10 11
1 10
402209 1
120134 3
41807 2
36520 1
5287 6
4798 1
489 9
397 1
92 4
29 3
5 5
4 1
1 4
16273 48
15396 1
877 17
487 1
390 1
97 4
2 48
1 2
528363 1
283233 1
245130 1
38103 6
16512 2
5079 3
1275 3
1254 1
21 59
15 1
6 2
3 2
76259 6
67150 1
9109 7
3387 2
2335 1
1052 2
231 4
128 1
103 1
25 4
3 8
1 3
24786 31
1005 24
666 1
339 1
327 1
12 27
3 4
215443 2
156260 1
59183 2
37894 1
21289 1
16605 1
4684 3
2553 1
2131 1
422 5
21 20
2 10
1 2
707561 1
16908 41
14333 1
2575 5
1458 1
1117 1
341 3
94 3
59 1
35 1
24 1
11 2
2 5
1 2
116409 1
75854 1
40555 1
35299 1
5256 6
3763 1
1493 2
777 1
716 1
61 11
45 1
16 2
13 1
3 4
1 3
328889 1
27096 12
3737 7
937 3
926 1
11 84
2 5
1 2
222151 1
159081 1
63070 2
32941 1
30129 1
2812 10
2009 1
803 2
403 1
400 1
3 133
1 3
782583 1
54692 14
16895 3
4007 4
867 4
539 1
328 1
211 1
117 1
94 1
23 4
2 11
1 2
454002 1
267721 1
186281 1
81440 2
23401 3
11237 2
927 12
113 8
23 4
21 1
2 10
1 2
253981 1
74120 3
31621 2
10878 2
9865 1
1013 9
748 1
265 2
218 1
47 4
30 1
17 1
13 1
4 3
1 4
99142 9
23899 4
3546 6
2623 1
923 2
777 1
146 5
47 3
5 9
2 2
1 2
353259 2
248681 1
104578 2
39525 2
25528 1
13997 1
11531 1
2466 4
1667 1
799 2
69 11
40 1
29 1
11 2
7 1
4 1
3 1
1 3
317150 1
124035 2
69080 1
54955 1
14125 3
12580 1
1545 8
220 7
5 44
532643 1
444662 1
87981 5
4757 18
2355 2
47 50
5 9
2 2
1 2
418980 1
211303 1
207677 1
3626 57
995 3
641 1
354 1
287 1
67 4
19 3
10 1
9 1
1 9
36750 12
18753 1
17997 1
756 23
609 1
147 4
21 7
