100
790691916 847200723
362542490 248925191
168361851 275668240
878987596 577883887
549634449 661867730
920176234 635993251
751833593 324625935
852800288 617068751
997168999 191814067
980428682 435573613
211765198 936840965
754375248 994234982
450353854 663377038
630594980 657373334
158275295 490083578
783104686 386033258
121108315 581900690
590763924 131269750
530670700 805912163
304817371 560357162
297797637 506302271
390235221 568730529
409400004 526114558
612635759 203494850
189409967 522160647
531617167 142544709
396247410 266299726
948066524 661250412
563487657 975800619
209643414 166754218
533855377 150527677
810928190 595698095
193117917 870702929
576068851 835227796
732218687 291855456
933897945 772995982
955382763 855279185
725248730 372774387
762621762 660508262
324396103 300246588
602787790 849271395
584703965 908959037
999088297 667695194
604587470 118361117
164051414 648595679
388629808 345229257
524565305 336619798
630620859 575038420
633194966 927942432
638280555 538908414
235731854 235178445
731924846 715051165
799671252 352945326
132200520 845141222
603273802 529192517
485378236 669816621
377149414 904239217
660170195 766355473
445642463 292191511
293511770 865009153
305718119 921444996
759011795 176217019
728117215 662023088
323187000 511264798
483524857 743559347
496351998 176095158
679673270 176515948
742329097 176711638
449342316 635342050
428465618 465077165
569019088 465256352
295348015 436543975
924168735 899143139
500150880 191011383
964926038 330693727
560707334 865754460
841495485 534623803
502038211 687040134
132544335 257792780
911443565 445044475
933254282 854876810
597453560 243140391
581701862 255775201
555851422 255185333
973571334 984093022
464253889 814407656
284034615 365177860
201454528 641357611
250418737 341870109
552785812 434516094
183915060 330146374
625676040 320768371
394817241 600930391
541635040 868335807
488889201 422901831
964570189 227943020
411050768 778906384
789980805 837353576
101671089 947960534
140750732 649452524
