100
823 351
31 984
491 701
657 892
898 420
27 808
892 628
605 375
299 521
653 684
900 418
118 908
173 894
982 199
204 761
433 825
417 554
867 948
114 963
486 746
217 580
32 466
849 21
653 619
170 364
560 958
628 937
668 448
949 930
987 831
821 329
99 352
265 730
913 987
962 869
519 987
805 990
244 548
103 303
953 984
925 389
694 184
997 86
185 401
860 533
190 525
314 417
250 552
282 834
594 391
776 605
167 960
52 529
341 639
637 473
792 800
483 846
554 900
474 61
702 214
104 443
129 714
817 564
351 444
998 220
398 179
330 324
141 293
582 530
685 938
300 238
51 28
554 227
430 492
555 691
234 873
845 738
665 699
237 911
462 341
124 994
523 890
716 129
404 888
46 883
433 483
940 589
563 696
757 632
83 826
728 109
362 750
675 599
725 477
315 662
576 655
355 550
372 891
436 943
531 935
