236 139 47
39 78 98 27 51 19 93 25 53 51 87 55 40 79 79 6 49 43 95 91 2 6 70 29 91 33 90 50 33 73 5 65 23 51 52 60 26 3 41 24 9 85 33 87 56 22 53 30 47 80 4 84 88 50 6 75 11 49 37 96 5 48 3 51 52 90 73 95 25 44 97 47 52 81 85 51 75 59 21 45 96 19 15 20 98 45 81 37 82 75 76 26 82 21 66 11 64 14 37 4 10 41 40 54 99 48 73 36 61 95 29 21 41 57 96 68 54 6 22 76 86 8 64 78 8 7 72 70 31 12 46 72 12 85 4 73 9 64 4 
1 2 99 4 51 11 70 65 64 44 85 37 38 35 27 22 46 67 41 33 3 29 61 38 63 51 37 4 96 62 52 34 60 67 51 72 64 49 2 67 90 43 98 30 18 99 60 77 54 72 68 56 85 34 81 24 23 89 67 21 57 85 26 51 31 5 24 31 39 62 85 69 66 52 25 10 79 71 15 26 93 11 85 71 97 44 11 60 62 47 28 33 85 85 58 99 66 57 36 4 5 59 20 92 66 56 17 38 37 46 92 89 10 36 57 6 32 17 64 92 62 79 81 80 45 83 80 4 77 82 86 74 51 90 87 45 50 84 3 
26 18 65 6 74 58 50 70 82 6 49 63 18 49 90 16 86 11 3 91 92 40 54 24 57 28 85 45 70 64 4 76 46 17 97 67 26 79 62 84 42 50 97 97 54 3 77 18 81 64 26 78 43 57 7 19 84 77 45 36 51 95 86 55 13 3 94 87 75 46 43 90 31 23 89 18 67 50 44 44 1 98 48 54 49 5 35 48 46 80 47 62 71 67 72 95 10 63 88 4 70 39 6 13 80 79 67 47 82 65 32 74 40 40 35 70 25 48 33 67 16 12 36 48 9 41 74 1 21 17 67 1 68 13 90 77 60 82 92 
60 57 34 26 7 85 54 17 56 81 84 28 11 98 20 92 72 15 63 99 96 96 15 29 64 57 32 55 38 62 54 45 7 88 82 6 97 15 59 50 45 24 10 39 50 94 93 83 44 32 10 8 93 17 94 53 82 28 76 86 80 55 21 85 59 61 97 94 29 22 93 33 6 18 31 31 57 35 97 24 99 81 96 6 2 15 28 61 48 20 3 96 55 42 3 7 26 23 31 66 32 75 21 15 58 69 85 52 9 89 17 78 35 28 64 27 94 99 60 74 87 14 11 35 13 20 33 2 98 40 21 52 68 97 36 28 81 23 6 
83 99 92 34 52 97 2 94 27 90 74 3 82 65 39 40 35 23 54 24 55 64 3 90 31 90 42 84 23 37 32 18 10 2 33 31 46 60 91 32 57 80 30 23 34 64 85 10 65 47 5 15 70 5 20 36 2 58 88 93 48 52 13 47 52 38 26 12 30 27 22 52 65 86 77 95 31 44 84 66 8 35 19 36 68 63 45 75 58 88 14 88 13 68 5 85 31 8 15 86 61 85 72 39 53 35 44 64 91 28 37 7 83 19 9 26 46 37 98 81 18 36 4 76 84 29 27 52 65 62 42 54 7 50 34 71 8 53 50 
86 76 34 89 12 36 27 87 93 73 17 44 33 99 39 19 6 93 49 47 44 90 12 93 6 93 77 15 5 61 74 37 10 46 19 26 49 72 27 26 57 53 38 31 5 96 80 14 5 9 51 76 80 49 26 29 42 55 74 23 55 5 73 71 95 97 45 56 82 14 5 36 73 17 22 50 5 78 81 12 88 85 7 78 39 54 52 67 48 33 47 73 29 99 7 2 3 59 96 13 55 92 61 53 18 30 96 50 53 95 88 28 27 31 83 13 27 28 25 92 20 5 14 67 61 58 58 33 77 20 39 84 1 39 24 34 36 4 63 
6 86 47 12 1 63 53 75 18 9 94 3 47 47 12 21 31 78 43 95 55 56 98 26 46 70 39 48 8 99 90 48 92 71 24 28 14 98 72 46 99 8 93 96 73 35 62 15 70 61 91 91 21 70 32 29 99 39 72 31 99 53 80 24 56 16 25 55 51 14 93 37 68 15 68 15 5 63 38 65 85 21 7 73 19 72 12 31 68 4 37 80 44 59 10 96 50 84 73 46 26 9 34 77 58 97 22 60 2 8 28 53 84 80 18 33 53 60 23 92 82 8 93 78 66 46 15 14 90 63 94 69 94 31 38 91 53 91 98 
14 11 78 27 82 36 36 74 84 67 88 90 95 55 73 95 62 99 78 24 79 59 74 32 52 6 34 43 65 89 18 7 6 29 4 36 27 36 92 61 14 26 61 64 25 5 93 82 52 19 24 45 23 7 95 38 88 96 33 80 56 69 97 91 86 23 83 80 21 63 98 5 96 57 76 16 8 3 90 26 29 82 8 11 78 51 94 32 97 34 84 62 51 26 54 59 98 98 85 76 39 30 45 85 17 96 6 83 60 44 91 7 45 83 14 44 67 49 81 3 82 23 56 95 49 68 60 18 20 77 85 92 22 23 28 62 44 42 60 
49 19 51 7 1 16 69 16 21 90 93 88 35 36 40 66 13 72 2 12 50 79 30 24 57 77 63 32 2 81 45 31 48 32 40 71 13 91 68 91 82 58 72 33 30 93 77 58 20 87 21 6 51 78 59 2 13 8 75 13 61 56 99 49 39 69 83 32 95 98 62 77 96 84 22 83 74 2 86 86 94 10 92 74 45 52 2 72 65 79 73 19 19 46 42 8 22 34 75 31 57 95 61 18 34 91 64 15 39 4 26 63 35 2 18 79 85 28 36 87 69 12 48 16 51 90 82 83 11 23 15 84 63 88 2 18 25 67 59 
14 94 16 57 60 53 73 38 72 84 5 62 3 38 53 84 31 50 62 50 10 41 47 73 33 72 47 49 10 53 91 49 87 81 99 28 9 43 75 59 82 5 29 97 16 69 9 36 74 40 68 75 86 97 33 30 33 58 39 15 40 7 29 80 9 61 24 50 71 93 82 60 67 22 98 62 48 38 90 64 91 18 6 82 19 61 14 68 32 26 24 99 50 96 47 83 8 92 48 9 85 3 52 81 38 98 7 26 25 96 75 75 10 21 18 90 87 24 36 73 68 78 73 91 76 20 93 75 13 78 25 36 17 54 53 82 79 64 30 
1 73 84 62 20 17 39 76 23 76 23 12 68 18 19 52 2 96 21 77 81 12 2 62 3 4 77 54 89 70 33 19 42 14 46 97 14 30 65 23 77 2 15 38 86 93 6 8 58 66 23 12 68 67 21 32 80 98 32 72 79 44 62 6 55 43 84 23 3 32 24 17 92 83 26 31 50 63 94 70 68 44 12 10 26 41 98 83 3 60 23 90 34 68 98 38 77 32 29 7 7 79 84 45 71 5 15 68 92 44 51 69 81 86 84 8 45 1 87 41 48 95 42 12 74 54 26 96 86 55 92 8 84 87 27 71 90 70 20 
11 16 70 25 20 1 42 85 96 50 98 5 49 7 45 61 34 21 5 96 65 14 24 43 94 95 51 99 91 45 57 65 38 88 21 25 65 65 37 58 74 45 71 11 38 20 57 23 19 75 65 78 50 92 61 35 10 63 45 39 30 17 21 51 94 11 15 89 45 17 85 32 59 44 36 34 65 76 67 30 50 77 1 27 59 63 17 64 45 85 94 20 86 32 98 97 3 47 71 83 75 30 41 27 7 3 48 42 23 7 32 24 66 53 51 40 6 57 36 82 89 15 22 98 62 33 88 54 64 6 60 75 9 6 16 48 11 89 9 
67 48 65 17 56 87 41 13 53 52 90 15 7 72 9 16 33 92 80 13 27 28 52 52 1 96 47 72 67 69 56 48 34 65 6 70 95 12 36 93 89 50 86 31 35 29 15 38 37 39 43 55 35 31 75 27 26 70 96 71 75 29 96 59 27 99 7 49 13 32 51 79 22 74 36 46 26 77 35 51 79 99 86 67 19 12 16 74 50 99 23 46 98 11 2 18 83 24 65 17 25 81 77 21 87 71 72 61 1 15 60 59 12 40 29 77 20 82 60 35 31 8 21 46 20 5 54 52 73 44 43 96 27 95 3 10 51 15 95 
49 73 17 85 88 86 94 15 28 24 95 29 22 72 41 71 16 62 89 87 51 51 43 36 93 21 1 49 15 21 69 67 74 76 24 36 36 52 54 16 61 77 93 59 42 61 74 52 98 82 43 39 36 76 32 94 26 5 97 12 63 10 25 12 10 59 53 90 15 55 27 2 41 83 97 45 74 67 38 2 2 45 91 57 58 3 44 62 88 84 70 48 91 97 90 42 62 8 65 88 84 16 36 28 98 48 35 98 89 67 19 30 80 7 94 37 13 76 62 99 85 50 76 73 3 58 20 98 97 99 39 77 79 54 87 84 33 91 7 
40 87 28 87 39 3 52 66 10 86 53 86 60 87 33 31 47 80 44 6 37 99 19 91 15 78 31 68 33 28 26 95 53 94 68 2 11 92 33 97 10 29 25 45 62 88 81 78 77 7 13 30 10 92 38 50 2 29 49 86 22 16 36 96 88 68 65 63 48 13 52 26 33 13 7 18 37 67 29 96 22 44 76 50 81 80 88 60 90 31 27 90 30 60 77 86 71 27 55 91 93 69 56 74 85 24 12 84 66 51 21 35 60 26 16 20 46 5 4 3 8 79 3 83 95 41 37 16 82 73 98 96 47 32 25 38 24 13 10 
16 5 72 90 8 87 72 45 23 65 7 93 45 71 22 33 41 43 84 98 82 74 86 45 35 56 91 99 22 2 10 16 82 20 7 56 83 97 97 44 20 91 83 92 28 71 37 17 83 69 75 33 16 85 80 33 47 29 99 9 46 86 55 3 56 85 76 70 46 47 76 31 87 16 42 49 4 57 14 74 49 49 20 91 88 55 78 58 99 15 94 22 9 29 80 57 96 91 53 90 14 98 38 60 8 16 9 6 43 96 17 36 48 85 38 75 36 68 1 53 54 49 31 78 2 31 46 12 14 35 84 77 94 53 99 78 5 75 66 
61 35 62 67 6 87 62 71 42 5 18 47 84 48 95 64 36 30 73 65 21 5 88 61 12 69 4 98 24 99 63 47 65 55 23 89 56 97 24 75 60 33 33 80 72 87 52 7 51 36 69 46 82 96 41 36 48 15 88 52 80 66 12 68 28 88 92 7 34 86 53 50 62 54 48 21 71 42 37 9 48 19 85 5 85 7 31 63 98 9 78 40 25 10 89 47 91 33 83 47 50 52 68 49 55 64 12 32 14 45 33 89 7 72 66 72 56 10 74 8 47 12 5 20 45 68 13 82 89 12 45 65 22 1 20 97 95 35 77 
52 84 8 24 52 6 78 22 99 64 12 44 28 26 20 17 16 4 12 49 79 47 15 92 36 32 54 41 63 8 62 33 24 58 14 86 4 51 36 70 36 89 79 11 35 4 18 95 48 63 98 96 47 97 46 8 80 52 63 95 93 76 64 92 69 36 80 99 54 11 71 16 82 28 81 14 34 5 67 63 28 11 6 36 92 34 1 14 83 39 27 49 38 95 45 64 91 80 83 70 84 95 49 82 72 75 29 9 28 65 18 32 19 47 54 40 96 92 73 23 10 47 43 58 86 52 85 5 76 67 88 49 81 23 30 14 89 16 87 
53 78 19 40 72 61 49 15 16 13 84 14 82 32 97 7 80 38 46 93 12 69 87 65 96 92 52 94 18 77 56 65 70 42 85 82 77 39 87 42 92 23 88 38 33 37 71 4 77 8 43 37 6 24 27 67 1 40 58 64 68 91 3 54 47 84 19 6 4 61 47 78 15 35 34 72 70 67 90 6 99 7 83 39 85 57 33 77 80 35 78 25 99 52 50 2 6 3 5 96 32 68 63 70 25 27 65 80 26 5 85 68 72 29 32 2 27 95 11 15 51 71 24 46 6 83 40 84 12 94 37 69 78 87 76 58 79 69 40 
76 66 33 47 4 93 80 13 39 7 95 34 19 31 77 97 38 65 28 20 28 3 68 71 8 63 11 92 45 6 94 42 39 88 62 93 34 32 81 24 84 2 60 95 31 20 12 24 65 2 46 10 32 90 77 13 90 99 35 83 42 10 65 16 83 93 99 18 80 9 14 75 53 73 52 62 94 23 11 37 95 27 31 24 1 66 63 3 11 47 49 29 42 72 97 84 94 54 85 32 10 67 45 88 56 7 7 30 77 51 60 66 42 12 72 85 95 91 6 84 21 10 89 59 9 39 83 57 85 29 4 57 35 12 21 33 21 64 22 
44 49 63 74 64 57 87 32 83 96 21 3 83 42 71 46 23 34 46 22 69 7 8 34 37 67 35 94 84 79 4 41 36 19 20 39 49 96 46 26 24 41 75 58 57 32 91 18 13 34 56 55 94 26 25 97 77 77 90 99 20 54 23 41 38 5 82 90 25 85 27 6 2 90 3 90 35 16 79 2 37 58 10 30 28 68 82 85 92 30 11 65 14 59 4 33 67 7 35 63 38 26 84 97 68 73 35 89 78 53 27 81 10 4 29 12 5 88 80 90 51 93 77 3 44 17 74 37 18 63 28 94 32 24 75 64 18 16 21 
13 96 89 59 59 96 4 32 61 76 9 85 28 8 98 34 28 23 28 94 31 4 89 80 80 16 85 41 39 7 12 16 60 49 36 3 42 2 62 31 29 35 67 9 36 1 61 28 57 48 35 10 89 74 18 14 19 97 96 84 46 49 57 2 68 30 65 58 58 29 78 66 20 61 9 99 2 59 70 28 56 30 62 88 8 49 81 49 87 45 64 32 32 75 32 56 98 20 61 90 64 25 47 91 81 58 65 93 14 50 7 5 29 68 35 72 84 42 87 33 54 86 26 92 62 3 4 34 77 14 90 36 53 25 25 94 62 2 65 
24 36 64 35 98 71 84 39 72 47 6 14 14 55 93 66 61 60 26 54 2 39 91 49 71 19 2 88 3 19 67 18 59 76 86 18 83 51 62 46 65 54 16 97 11 25 60 93 47 53 17 36 21 18 32 65 84 94 40 15 6 18 39 36 23 40 8 40 95 59 46 90 50 25 85 73 34 32 14 89 39 16 38 38 23 32 81 57 56 37 16 4 88 8 88 59 7 82 45 14 56 69 60 38 90 87 39 41 48 26 50 23 1 81 68 85 53 70 5 12 71 52 41 32 52 12 29 72 53 75 65 43 87 85 98 6 91 98 16 
55 60 29 95 52 62 13 95 33 49 26 84 67 23 49 34 2 93 11 27 89 59 29 34 37 3 31 44 25 32 10 25 90 90 10 92 49 29 88 23 94 31 72 87 85 42 37 56 71 88 71 89 32 94 79 75 40 52 91 17 54 83 59 26 68 94 14 17 59 67 35 91 64 65 63 72 12 81 36 26 69 97 34 80 74 20 12 61 72 90 56 95 54 64 58 46 17 47 25 26 56 21 99 80 36 14 35 45 7 26 99 94 28 73 65 24 31 8 33 12 44 6 59 33 98 64 51 15 67 64 57 68 77 68 23 31 95 2 49 
19 66 19 46 17 22 38 86 57 19 47 14 78 19 4 36 95 85 18 67 79 2 63 90 82 65 31 14 57 54 73 21 53 70 28 20 10 56 36 86 56 96 20 15 99 70 99 78 13 2 23 99 50 6 6 82 14 24 97 52 86 55 72 88 61 19 33 16 29 82 56 47 36 71 61 4 67 73 62 15 96 77 8 16 83 67 9 27 24 91 62 25 47 92 48 77 70 43 44 20 53 75 45 87 4 39 44 53 70 69 44 4 18 1 7 54 35 5 75 22 73 88 63 32 41 57 7 10 88 66 32 83 71 22 8 65 67 74 35 
80 50 22 30 39 11 18 48 30 74 58 22 25 28 15 5 46 7 97 15 30 31 78 27 36 25 38 69 55 31 53 36 85 60 84 74 5 72 54 95 55 32 89 88 2 68 64 92 75 79 74 5 89 2 86 15 13 49 95 66 40 91 8 39 62 94 62 67 58 5 24 83 44 82 68 54 47 11 55 30 39 55 59 22 7 86 4 68 43 17 54 36 30 6 42 81 53 44 21 43 23 72 43 54 77 48 73 71 69 94 5 93 61 78 83 62 88 36 39 23 6 48 96 12 86 98 73 42 83 17 77 69 48 49 25 85 79 59 7 
16 30 11 98 16 16 69 64 12 40 6 94 69 60 49 44 2 79 34 63 93 51 3 46 35 28 67 62 21 15 72 11 80 77 27 41 70 58 29 8 71 12 69 60 68 75 82 90 16 54 4 31 47 66 24 66 97 68 68 70 11 97 87 94 8 82 97 40 33 10 37 59 60 89 35 58 49 88 95 75 64 48 26 6 36 85 8 29 68 11 88 11 27 95 99 39 22 17 30 72 70 12 72 76 23 37 98 19 16 40 65 81 43 87 67 68 97 30 70 57 81 52 62 34 90 67 66 95 31 12 9 5 31 12 69 89 92 49 5 
34 98 98 50 85 70 11 8 9 36 24 91 98 95 22 62 66 24 10 23 28 74 3 63 12 55 65 86 22 28 65 5 37 8 92 20 18 69 48 60 97 70 36 13 53 18 69 41 19 7 93 33 65 27 83 67 18 45 68 52 54 22 35 98 79 21 16 91 71 32 40 38 18 19 46 18 1 83 85 47 51 66 22 72 48 89 88 20 61 4 80 17 62 90 20 26 23 80 30 32 58 99 6 81 92 44 55 22 22 64 51 85 76 96 35 3 98 89 67 72 76 77 97 30 95 20 68 31 49 96 54 50 64 75 51 81 28 86 60 
78 84 47 93 43 66 96 21 70 44 50 88 87 3 53 99 16 25 32 74 86 9 93 57 59 85 87 47 69 19 6 74 55 72 33 36 99 66 7 87 44 1 68 56 68 53 23 51 34 30 93 38 62 80 38 53 62 52 64 3 31 11 14 63 54 66 3 92 82 50 64 18 78 46 73 19 4 24 74 41 74 64 28 18 91 90 50 37 91 23 39 27 60 2 15 10 76 5 3 55 14 57 50 77 73 95 18 24 38 74 50 36 73 8 4 23 5 8 57 44 77 93 66 54 93 52 18 92 72 93 43 76 30 4 47 86 96 18 43 
43 19 65 53 37 52 37 17 77 35 10 25 70 14 98 5 88 35 6 90 98 95 24 45 28 97 27 35 65 34 13 94 84 68 96 10 78 77 9 66 77 62 3 57 61 87 91 18 99 94 42 41 34 36 13 10 15 32 29 63 53 93 7 88 59 72 58 14 84 91 87 1 53 27 27 41 70 19 99 4 86 1 65 23 7 6 89 56 51 87 5 82 6 37 65 83 81 61 9 34 63 12 55 90 18 35 15 40 10 9 39 13 82 46 10 82 51 64 89 55 73 87 70 72 23 34 58 25 85 58 11 63 13 81 44 85 72 16 72 
46 95 83 31 55 19 9 41 62 93 33 64 45 41 58 13 14 13 54 57 87 32 71 18 90 24 26 82 26 31 78 28 49 84 66 30 75 41 18 39 84 95 18 6 87 95 77 75 27 20 23 11 4 63 46 17 65 40 41 73 64 72 98 37 96 61 13 60 76 37 75 8 33 66 52 82 49 48 64 58 91 28 80 98 66 42 8 24 66 85 11 15 26 12 35 7 3 68 39 20 5 8 85 84 13 21 78 85 47 44 93 78 54 26 48 63 80 4 89 11 62 68 81 44 52 77 12 55 60 96 26 61 85 87 14 55 44 3 89 
67 17 72 58 50 39 27 62 10 77 96 76 22 82 86 68 80 51 3 16 82 85 11 93 78 94 50 66 92 70 51 85 73 88 77 65 81 12 33 63 50 93 55 32 47 79 61 74 27 44 84 13 52 7 3 35 62 66 41 19 29 34 58 41 55 50 84 22 22 11 13 35 78 3 69 54 83 42 99 11 19 74 89 42 20 31 40 22 1 11 82 51 58 56 21 16 85 42 84 64 96 40 55 40 35 9 29 49 87 77 78 16 34 11 63 79 43 73 16 23 53 92 19 13 66 70 70 64 94 54 75 63 9 25 90 79 81 6 12 
23 74 20 98 23 13 89 4 1 71 70 38 97 76 24 7 11 55 42 26 87 56 85 80 79 24 71 78 49 66 18 46 89 48 63 21 97 23 88 18 98 78 10 31 43 53 29 72 97 81 30 28 40 92 71 48 23 94 43 72 88 5 15 91 5 75 1 14 83 34 25 83 72 72 88 54 21 55 46 20 51 3 72 25 25 25 39 49 26 11 92 93 37 90 18 9 85 25 77 43 16 87 7 33 99 94 90 25 96 44 81 22 14 3 97 45 34 41 11 65 71 66 44 84 48 79 56 85 31 65 43 20 67 18 25 54 20 74 5 
85 7 9 65 45 64 52 3 8 81 8 87 46 59 49 65 54 44 95 90 52 11 63 24 73 84 62 28 80 63 37 20 53 77 41 74 73 58 84 59 93 5 89 19 83 5 96 80 14 89 94 59 95 93 73 79 82 93 87 40 52 95 23 23 78 34 67 59 97 86 12 23 6 48 93 13 49 52 39 1 20 68 73 4 47 11 38 49 23 90 26 89 65 59 68 6 7 76 48 24 58 55 48 54 10 97 1 95 31 80 98 55 68 87 18 69 50 55 77 42 63 7 64 91 59 17 11 47 43 46 56 15 2 88 81 38 18 76 12 
17 45 5 30 16 45 59 56 17 63 88 52 17 90 38 80 62 67 61 83 50 23 57 46 9 93 9 22 54 99 1 70 73 5 50 87 86 27 25 4 20 67 19 68 71 38 22 65 39 8 51 90 66 54 67 11 97 20 60 91 70 61 27 20 59 45 78 6 78 58 56 57 2 62 23 26 93 86 63 17 31 42 15 5 20 69 83 70 22 37 78 34 48 41 17 84 26 13 72 57 11 38 63 50 84 56 66 96 13 90 98 82 50 98 28 68 99 74 8 81 92 71 39 42 58 38 3 13 13 64 10 9 28 31 53 57 46 25 77 
12 50 20 14 16 52 11 5 78 32 50 30 98 65 40 79 72 31 39 19 4 49 87 52 91 73 79 61 18 30 11 59 30 47 9 53 95 1 43 32 62 30 54 8 60 44 67 57 61 54 63 92 25 57 18 37 67 41 81 83 85 36 62 40 32 79 47 14 2 93 90 85 29 41 60 35 50 95 87 62 34 10 89 71 33 70 67 80 41 20 29 52 34 89 87 89 62 64 22 90 33 71 66 77 2 55 87 62 38 54 67 79 2 38 23 90 13 67 28 5 7 81 63 43 92 70 31 59 73 42 70 32 65 49 82 77 33 5 6 
43 16 67 17 43 8 7 18 69 15 7 39 36 30 95 90 3 81 12 36 74 4 88 45 13 3 14 47 27 10 5 12 82 94 85 77 57 7 36 37 3 59 81 7 85 49 13 31 32 13 90 1 3 2 89 11 50 12 3 45 68 43 54 61 47 6 26 54 35 4 22 53 67 22 75 44 20 92 63 9 2 30 86 95 92 14 16 8 77 47 48 9 96 97 89 46 31 5 47 87 98 13 98 17 64 18 44 59 23 26 5 78 61 17 29 63 35 17 98 89 61 86 94 89 65 84 98 81 31 17 9 16 31 58 23 89 14 55 1 
31 12 48 66 3 51 69 67 86 56 73 70 1 97 49 79 50 5 34 26 23 51 29 69 34 54 96 70 9 40 5 93 30 25 18 71 5 9 50 7 22 32 62 41 52 15 10 9 75 45 61 87 39 89 95 30 15 49 47 43 70 28 63 35 49 3 95 16 16 75 18 24 57 62 92 32 23 57 49 87 73 25 75 85 82 54 88 49 41 24 59 47 4 12 36 7 82 66 84 19 10 2 83 57 42 9 16 67 40 70 43 97 37 30 80 91 32 95 75 19 36 49 37 46 12 40 62 63 62 17 97 77 2 61 17 36 73 7 85 
78 40 25 42 60 82 82 68 49 7 54 35 14 7 95 26 96 71 50 5 21 38 79 5 32 63 69 26 59 85 5 1 90 38 15 11 75 54 59 55 5 50 85 46 77 85 18 4 59 64 94 95 81 72 4 77 61 35 82 53 37 71 62 36 25 88 67 8 35 58 22 76 84 98 64 27 12 98 48 8 7 36 42 39 48 31 22 8 78 77 77 2 55 26 20 31 95 69 50 16 17 83 56 8 74 46 15 17 18 27 42 75 33 18 23 92 57 56 65 93 33 62 3 28 63 70 77 38 79 32 7 30 48 50 37 49 65 44 95 
68 31 13 76 73 45 9 23 99 94 30 27 90 71 23 9 46 16 51 66 22 3 34 34 1 59 38 12 16 95 21 69 23 74 42 13 10 67 13 27 17 95 19 73 6 60 8 61 29 19 95 67 46 37 68 76 25 24 44 79 36 97 95 45 36 9 40 14 92 20 38 52 24 63 54 45 52 40 41 18 28 77 12 99 28 76 93 26 81 50 28 33 63 96 79 38 88 52 64 17 55 20 32 86 14 91 71 43 6 68 53 6 48 54 47 46 89 32 51 22 53 90 79 44 72 75 5 87 53 28 92 37 14 38 75 59 72 7 18 
53 3 84 4 60 84 60 2 68 13 43 48 20 20 80 27 40 33 28 35 10 74 82 95 10 30 22 6 19 29 70 33 85 26 48 29 56 94 5 97 8 47 41 54 5 25 49 60 79 5 38 32 42 51 91 68 15 88 5 77 75 97 27 32 66 17 22 26 93 36 85 44 56 46 81 72 53 63 65 7 77 58 36 17 68 38 84 68 63 8 49 29 70 47 56 95 99 18 40 49 83 4 69 90 31 99 40 62 57 8 85 96 45 43 5 3 24 23 20 63 21 26 91 64 87 20 55 93 48 24 41 6 16 42 85 55 1 82 8 
9 19 74 64 38 26 94 39 19 66 69 95 71 50 40 34 54 27 87 71 53 25 58 46 65 72 82 90 95 25 60 87 9 88 5 79 65 8 11 66 33 63 75 14 58 14 97 18 24 4 4 14 50 83 39 4 90 21 98 87 74 64 69 63 2 28 52 51 88 30 57 79 29 63 27 94 73 42 23 98 72 42 48 62 9 95 35 66 10 94 9 29 44 68 95 44 79 60 60 3 47 88 44 1 31 74 45 75 94 6 25 6 52 62 93 36 55 65 14 33 91 61 88 91 78 46 90 1 96 96 53 33 41 2 8 18 3 93 60 
92 37 10 3 44 58 24 73 25 62 19 58 57 88 25 66 67 13 39 32 80 92 90 44 30 88 64 67 34 34 43 39 17 49 69 61 99 92 76 87 37 51 40 25 87 72 90 75 68 29 97 83 25 92 80 21 28 93 20 89 92 77 34 20 71 55 23 91 31 34 76 86 8 96 76 49 58 71 40 54 98 17 44 93 75 66 57 32 14 44 89 4 64 96 16 23 70 42 70 49 71 28 43 20 5 26 48 4 19 9 24 75 71 99 79 22 53 45 42 29 24 25 53 68 2 83 37 34 28 23 80 36 20 88 76 58 81 37 81 
6 76 33 69 91 63 24 86 68 25 83 98 68 55 37 10 91 46 18 60 97 7 50 88 95 6 64 60 78 32 86 16 60 63 13 25 86 45 18 63 65 55 65 95 94 56 50 80 50 2 63 75 65 67 22 76 96 99 58 85 71 4 57 79 32 35 17 75 8 38 50 39 48 52 43 88 1 87 17 55 56 73 14 2 88 16 48 5 26 54 35 11 71 20 54 40 30 92 51 97 78 33 20 66 28 7 39 18 46 93 18 54 44 20 70 19 14 32 28 22 67 82 65 52 20 96 61 55 40 4 69 84 67 82 92 51 31 56 95 
26 66 79 98 73 48 7 69 78 66 46 2 45 57 13 58 4 63 37 56 74 2 71 83 14 55 67 78 90 40 24 83 51 26 27 44 21 81 12 38 37 81 28 7 17 82 76 71 3 10 27 51 62 15 56 2 89 86 97 2 65 53 4 33 79 3 99 8 20 34 40 11 12 97 65 90 9 26 34 46 64 46 15 73 31 25 60 32 40 79 28 33 62 31 14 66 86 66 25 18 29 98 78 68 80 79 98 79 38 12 1 41 13 81 98 92 94 58 49 80 84 32 84 25 9 80 93 21 72 84 60 14 86 65 46 82 43 80 55 
56 88 13 92 16 77 82 28 87 68 85 38 55 82 82 26 82 86 23 23 52 95 26 3 7 96 72 48 57 86 39 37 97 64 16 6 17 49 80 32 6 99 2 39 67 75 91 60 79 74 71 3 50 84 35 5 71 34 30 60 84 20 12 38 66 68 36 5 95 23 75 73 1 75 8 86 91 77 60 75 81 18 27 3 91 79 34 90 78 17 14 87 22 51 28 14 38 54 82 50 33 94 53 2 38 82 67 49 88 24 50 59 57 26 20 90 85 94 13 46 63 62 28 63 99 66 23 45 18 23 35 13 23 43 69 7 58 7 65 
27 31 99 26 90 96 63 59 77 40 82 65 65 27 94 52 61 38 20 93 77 51 23 33 77 38 58 58 64 35 1 42 74 28 25 97 82 74 6 88 49 66 19 70 5 91 13 18 37 70 5 13 67 73 27 51 61 71 2 7 1 20 79 67 58 1 47 54 75 7 71 64 32 50 9 53 73 76 86 18 15 24 40 73 90 26 12 56 40 78 45 41 71 43 29 74 58 14 33 98 29 90 8 50 53 52 24 21 51 56 42 59 44 44 99 65 39 55 27 79 63 16 69 28 18 21 80 29 22 43 31 90 86 34 31 68 15 12 79 
70 63 63 88 77 34 66 12 85 76 3 28 5 51 53 28 77 93 28 26 74 36 40 5 93 96 41 11 79 84 57 34 12 57 38 78 87 45 43 77 31 7 17 98 59 8 79 11 60 71 94 30 54 28 64 59 41 70 86 94 65 10 53 89 43 44 55 36 58 73 20 75 94 89 14 50 63 88 61 17 30 67 75 64 22 48 81 1 9 16 11 3 64 46 76 61 18 57 69 98 72 21 4 84 75 90 93 32 53 3 42 24 17 2 88 2 80 55 47 43 70 57 7 26 48 90 83 21 95 15 34 23 75 45 24 53 12 63 1 
51 91 74 18 50 28 60 17 81 82 46 7 79 47 76 77 52 49 55 86 96 9 84 59 87 92 98 64 87 3 42 26 74 49 61 92 45 76 39 70 85 75 95 60 93 92 53 22 49 1 93 94 43 21 32 44 21 98 68 23 47 71 2 34 97 53 91 4 26 71 46 73 56 39 81 58 29 44 59 15 23 54 91 37 11 55 94 40 25 95 23 44 89 93 90 21 4 82 25 51 85 56 37 55 63 74 14 95 91 84 53 97 97 48 61 65 80 58 63 99 17 90 15 77 39 89 52 66 31 74 68 79 13 31 72 28 43 85 93 
70 74 12 31 82 67 33 32 39 16 24 13 45 24 38 59 55 64 66 12 26 21 94 1 89 37 21 42 29 25 14 89 62 28 22 4 40 36 88 86 83 30 83 47 40 17 4 74 46 30 51 70 45 29 68 25 69 73 48 21 15 87 29 65 22 22 62 88 66 4 97 51 88 58 86 64 67 41 26 60 81 93 76 59 14 83 32 46 30 22 47 34 38 70 5 36 15 99 94 10 77 73 36 40 82 60 38 85 51 49 85 52 26 46 38 40 31 77 9 92 26 50 89 84 41 93 26 18 46 3 67 10 27 40 33 31 4 10 94 
67 46 42 97 48 98 80 23 40 31 41 59 85 84 89 4 57 55 42 36 36 28 11 70 18 81 44 60 14 64 28 29 20 63 35 10 77 7 64 22 48 59 87 70 67 35 24 7 78 64 14 34 57 81 56 80 47 56 25 13 33 75 90 34 42 7 65 89 76 55 80 92 73 92 38 18 50 73 19 53 18 66 57 32 74 65 92 45 82 94 3 86 21 52 33 6 94 8 72 64 1 92 10 10 75 93 8 58 84 56 37 31 38 45 44 38 42 38 52 54 12 37 24 29 63 81 77 3 75 55 25 69 59 85 8 61 67 80 3 
86 91 64 62 14 20 68 49 34 3 73 12 57 81 47 13 98 77 37 71 57 80 67 56 47 93 96 45 39 50 38 32 47 31 6 11 9 8 17 98 49 47 58 64 91 90 2 45 69 64 86 80 52 37 2 28 18 97 38 70 60 98 69 25 98 3 80 3 60 42 65 55 37 3 65 15 57 52 99 91 62 19 10 93 10 65 25 96 17 23 7 65 85 87 51 23 71 62 62 2 48 28 31 16 33 47 17 91 86 99 11 81 37 27 25 56 87 56 18 24 25 37 3 74 71 62 27 31 83 3 24 35 27 18 38 22 29 67 95 
50 12 42 30 81 39 53 69 58 34 2 39 76 13 83 97 82 11 63 83 19 30 77 70 17 97 11 72 39 21 89 29 93 62 55 18 29 92 23 25 13 18 26 74 96 44 3 30 23 7 2 56 9 61 94 44 15 97 8 53 39 27 19 11 87 7 88 71 3 38 74 95 52 5 4 74 7 99 52 48 92 18 10 39 32 19 2 58 80 58 38 77 96 20 82 16 95 25 27 90 70 36 83 76 69 34 70 90 28 46 82 85 82 52 52 66 58 80 57 38 69 87 78 43 55 31 75 96 57 69 25 24 63 13 90 35 76 60 14 
14 46 77 82 10 83 66 76 5 18 31 85 17 6 94 17 6 19 62 26 56 60 75 77 64 5 32 31 94 26 29 38 46 48 61 41 36 85 18 91 76 49 11 27 9 95 72 33 51 62 24 66 85 20 31 64 43 46 57 66 99 25 74 27 28 98 80 10 39 47 65 40 95 55 6 18 52 70 50 92 89 55 60 50 31 12 53 55 94 42 50 55 6 99 46 49 15 94 37 64 75 43 8 99 5 38 89 16 41 2 77 12 23 47 73 91 94 78 37 13 36 10 56 35 56 30 2 79 8 52 72 41 54 18 28 90 43 18 38 
5 5 43 90 82 15 73 65 41 40 26 73 77 54 39 8 89 55 21 88 71 6 8 59 68 70 61 94 72 87 66 45 13 68 51 41 34 38 9 91 36 57 90 98 76 49 85 4 83 38 91 30 80 28 17 31 1 8 71 66 70 92 38 60 34 90 12 82 64 34 38 28 62 69 15 81 47 87 34 8 38 73 12 50 20 15 42 73 94 53 43 30 18 28 58 66 6 53 73 79 43 80 49 71 3 90 3 69 77 14 48 49 60 47 26 94 75 7 40 47 34 87 81 41 77 76 7 31 8 61 39 39 81 41 42 22 86 77 46 
98 2 48 82 41 81 10 38 78 25 13 41 45 18 14 59 54 14 69 19 48 60 15 64 9 19 55 90 31 55 37 20 22 16 36 58 25 49 47 58 17 88 53 43 68 12 10 93 73 35 59 57 97 27 75 12 56 34 86 80 29 53 96 52 64 41 17 82 44 7 64 37 72 3 92 35 30 56 75 20 88 25 85 10 6 62 86 45 55 19 52 37 22 68 33 4 10 4 76 76 64 20 22 39 78 54 9 2 63 8 1 11 65 95 88 28 78 89 4 42 87 26 80 55 16 97 23 51 32 53 52 57 85 27 15 5 49 91 98 
37 81 70 54 55 17 28 7 10 74 36 61 5 62 65 81 43 48 27 64 91 26 54 52 66 49 39 62 68 77 15 63 30 21 59 17 82 15 74 71 94 82 7 46 44 98 19 11 28 73 32 48 73 98 2 13 73 59 28 9 83 88 17 8 39 11 46 77 91 58 92 13 74 56 60 77 55 8 55 8 28 38 62 58 47 42 86 91 74 88 60 30 55 18 54 65 27 60 19 71 97 58 93 20 93 60 24 49 36 40 81 55 9 74 64 66 48 27 50 65 90 26 59 48 86 79 16 28 98 84 69 50 72 60 86 97 2 56 47 
69 46 28 57 81 35 1 70 49 49 96 97 68 59 2 64 76 35 22 36 29 83 29 21 14 26 13 31 89 86 84 91 30 74 56 22 9 4 73 91 54 19 81 88 58 44 19 66 38 12 2 55 75 41 8 14 66 23 60 92 16 72 44 50 77 25 68 34 71 95 90 29 80 48 88 74 20 53 51 2 8 93 73 58 72 93 69 72 93 28 82 28 32 89 90 88 92 26 70 83 75 42 73 52 9 57 21 63 30 76 73 58 34 51 8 8 11 47 93 61 60 90 99 37 34 46 73 42 36 94 59 20 22 90 1 90 34 9 14 
99 9 23 89 78 97 58 42 75 29 50 18 75 97 63 12 65 42 54 19 88 35 70 66 35 45 91 34 22 67 55 7 60 71 80 36 71 91 38 51 60 31 21 75 46 86 75 20 41 95 34 13 84 3 85 5 12 43 56 43 61 61 48 29 71 36 50 9 46 42 17 80 10 83 17 44 27 27 28 45 53 53 30 15 46 39 51 2 91 35 83 71 85 4 48 90 66 50 11 73 24 80 22 10 8 53 29 27 54 10 80 62 29 85 98 62 86 22 91 19 16 15 7 75 15 10 44 68 33 7 51 7 20 42 69 99 22 89 66 
51 78 99 17 98 69 88 27 12 46 39 11 26 28 10 29 83 85 81 69 50 89 43 56 74 81 96 68 33 89 18 2 65 2 32 26 61 29 69 80 48 12 54 15 99 7 95 93 28 48 75 21 36 33 26 49 86 13 17 35 43 41 73 95 85 57 47 57 95 63 25 10 44 64 17 85 95 74 4 28 22 38 67 29 74 17 28 87 68 37 30 51 81 17 59 3 16 30 94 98 73 37 87 36 1 9 23 21 16 83 44 42 56 48 91 15 12 31 4 79 72 18 47 52 71 57 13 70 81 50 2 35 73 10 3 86 87 19 68 
97 88 99 38 76 89 78 3 33 18 64 23 3 61 19 12 52 5 16 17 38 62 83 90 83 5 64 62 21 56 97 19 24 30 58 29 72 99 10 45 21 4 12 48 8 49 48 27 48 13 54 40 24 51 28 36 82 35 88 27 11 75 87 97 66 65 18 54 15 7 21 84 47 17 22 88 9 27 75 80 24 31 45 91 50 9 58 11 92 7 23 6 33 50 79 27 60 88 7 73 43 40 10 65 12 48 1 43 40 88 20 51 16 25 97 9 12 41 85 86 36 9 45 59 36 16 24 62 12 19 8 74 47 37 7 46 31 28 41 
49 70 48 45 25 93 24 84 30 95 21 31 73 67 45 40 72 4 90 7 94 62 26 58 46 14 59 90 12 29 36 82 44 51 48 6 58 82 47 77 43 61 70 45 34 53 32 73 32 12 12 35 80 65 4 24 57 9 54 8 68 53 52 94 39 90 30 33 51 46 44 8 69 24 74 83 93 52 41 39 25 69 57 66 91 2 3 50 32 23 21 1 43 86 22 69 84 88 86 16 6 62 42 92 68 8 83 72 93 16 64 28 88 15 75 17 4 38 12 94 15 54 73 85 32 82 31 55 1 24 19 88 75 49 18 38 34 81 94 
1 86 97 12 67 61 7 27 92 4 76 27 75 4 66 20 57 49 79 6 12 4 97 95 18 84 16 17 14 89 6 80 64 86 45 27 69 33 32 24 62 20 9 33 3 68 78 48 44 82 51 52 99 94 38 75 38 51 88 64 30 55 55 72 33 44 47 76 11 16 78 98 8 92 41 54 92 16 33 79 28 45 88 31 93 21 78 31 36 51 78 71 25 55 47 84 10 59 65 52 76 82 49 10 95 50 67 70 50 65 4 17 24 37 74 13 31 26 54 50 62 72 73 94 49 83 84 11 87 93 93 38 82 96 99 67 46 74 48 
1 77 5 98 25 47 46 35 23 91 59 43 66 68 97 1 4 28 96 54 17 37 19 51 60 11 19 99 69 44 66 38 74 14 63 58 63 63 92 28 8 71 24 6 77 39 13 41 15 89 29 63 86 32 42 87 15 13 72 73 87 4 67 91 78 25 80 95 17 66 37 4 97 85 67 50 89 62 90 63 34 58 83 96 96 23 53 60 58 27 58 1 76 35 27 39 83 49 92 21 36 85 5 32 17 78 54 5 93 9 38 24 18 20 63 29 6 50 71 71 24 85 85 94 69 8 20 24 57 22 98 22 84 26 61 23 87 70 14 
64 87 21 3 36 49 98 22 55 72 26 10 90 84 8 76 80 29 37 78 38 31 41 49 50 67 89 78 71 74 45 12 63 79 60 67 19 42 17 94 7 2 14 26 30 15 38 45 50 90 24 50 19 48 20 46 45 21 95 5 4 1 53 31 82 46 37 3 97 16 23 28 54 93 5 52 37 75 76 47 71 95 82 4 26 9 22 11 71 57 75 35 87 95 53 92 65 86 2 79 81 37 62 86 17 19 18 81 39 82 12 93 4 23 43 47 24 74 86 89 53 75 42 31 22 27 50 78 38 17 40 22 4 81 65 90 11 73 79 
96 66 13 31 1 14 64 73 45 10 63 98 87 70 49 94 51 38 89 49 3 52 82 37 43 50 73 83 53 50 52 3 7 68 22 39 46 60 19 80 89 51 5 21 18 96 4 77 99 17 53 12 87 28 59 25 26 84 93 60 70 45 66 17 49 28 26 30 38 46 14 47 67 42 46 15 68 62 11 97 45 67 3 72 67 55 39 19 99 16 15 91 64 84 6 67 65 20 69 47 20 18 54 83 33 72 25 69 24 28 58 13 73 60 99 30 19 54 51 63 19 42 15 83 38 74 44 80 22 35 6 5 40 24 50 86 53 12 55 
80 68 16 82 94 77 60 79 60 35 45 94 56 83 99 72 36 26 27 64 9 30 50 98 89 14 81 74 79 85 16 55 5 57 35 93 55 65 8 32 77 19 73 96 83 38 33 60 97 27 95 8 59 73 50 71 22 69 24 84 16 44 93 40 22 22 1 35 36 64 4 46 63 72 76 63 11 32 80 84 74 60 86 9 57 37 79 15 45 78 29 27 95 70 42 80 26 22 68 94 40 46 35 39 17 67 54 72 56 88 15 7 2 95 77 89 11 43 41 48 44 36 59 78 68 57 68 13 20 47 64 99 17 53 36 9 38 41 30 
17 45 37 57 98 56 75 24 5 84 8 62 60 3 19 15 21 87 90 25 31 13 83 16 52 33 35 3 60 83 99 87 79 32 7 40 3 11 71 18 37 62 96 90 39 95 41 48 2 62 60 31 44 97 26 51 63 29 13 63 75 84 87 90 52 63 56 59 93 10 2 36 87 11 6 92 74 89 98 50 11 6 31 3 60 91 10 79 12 14 11 42 39 50 14 31 77 66 45 43 35 22 46 98 5 85 82 17 12 12 4 21 31 48 29 16 52 63 76 66 2 21 61 68 78 24 44 42 92 30 71 22 95 22 84 18 41 48 26 
96 40 97 61 38 3 46 22 8 85 31 3 65 78 90 69 49 71 58 37 43 76 91 12 92 28 78 25 18 10 74 92 87 29 63 28 50 85 51 6 60 19 23 9 47 75 39 59 47 26 3 89 51 96 35 32 36 85 41 19 67 92 99 58 13 76 46 61 14 44 4 89 56 50 31 61 88 37 96 69 7 43 25 64 24 15 85 37 33 30 41 80 17 30 64 58 77 86 60 89 63 4 53 90 87 59 57 3 4 48 23 88 37 80 76 7 49 54 97 61 93 17 57 98 53 38 4 97 54 57 28 48 30 56 38 31 40 64 13 
21 28 86 17 49 31 54 50 38 96 92 32 58 41 1 89 18 68 85 95 76 75 88 13 32 23 11 13 99 95 73 89 93 53 48 43 18 29 83 40 69 32 5 72 76 71 62 53 9 41 31 44 26 20 74 43 49 25 11 52 93 78 78 97 91 28 65 9 41 12 8 75 40 33 92 97 79 61 31 80 3 22 19 57 56 57 49 26 37 93 43 29 98 23 5 68 72 11 81 12 92 50 44 37 67 83 2 85 47 1 36 94 88 88 13 52 73 77 83 9 12 16 22 7 26 77 91 23 11 57 5 82 99 35 54 31 95 99 76 
48 86 27 27 22 98 69 36 39 24 20 51 63 21 66 46 22 21 80 80 76 4 22 72 64 99 14 4 96 61 30 94 28 37 16 4 90 60 89 29 8 50 62 39 3 85 18 27 92 35 53 98 54 36 93 14 71 75 74 72 53 51 38 37 55 89 11 81 85 96 22 82 44 72 70 47 30 61 66 30 44 70 84 79 48 29 53 56 56 41 34 5 59 75 15 7 77 33 49 36 20 51 99 80 67 57 8 37 25 72 19 21 60 72 66 21 21 28 82 99 94 62 4 35 83 87 2 85 7 36 57 52 79 19 51 35 57 97 33 
51 9 98 73 74 49 23 87 19 59 28 79 12 70 87 9 26 27 2 45 93 3 37 15 80 33 88 73 16 12 35 10 90 91 31 79 99 58 7 6 5 50 90 45 39 69 8 1 19 56 35 87 38 93 78 81 7 83 94 98 36 43 86 86 59 78 14 75 13 87 19 40 37 38 84 8 92 30 1 23 35 97 35 35 80 37 7 45 33 88 39 36 20 90 37 89 30 90 75 32 15 11 95 33 6 72 27 69 65 87 40 24 2 80 65 38 68 94 97 26 87 6 85 42 22 29 78 51 3 7 10 2 12 3 90 24 16 35 3 
70 76 16 12 6 45 58 15 89 40 13 25 63 38 53 11 66 6 14 55 15 23 96 24 25 52 91 25 41 55 95 19 73 82 95 24 50 25 4 65 17 35 23 68 88 26 26 21 34 5 61 4 72 19 81 20 10 73 34 32 18 93 55 68 77 63 71 54 40 29 87 68 60 93 87 53 67 70 45 49 86 94 53 40 25 39 96 83 35 86 14 22 8 58 87 61 89 2 66 77 32 18 20 66 28 90 91 53 48 34 79 28 30 12 19 39 72 63 44 96 42 2 89 19 51 53 31 42 94 77 67 45 12 60 55 41 64 55 1 
49 80 38 29 7 91 10 7 65 88 58 16 58 42 33 97 55 12 21 74 23 68 1 71 91 94 14 29 40 71 99 46 69 37 92 33 11 90 29 31 66 94 57 3 64 78 29 2 77 14 75 95 2 12 82 63 77 10 12 13 27 84 38 49 47 81 31 69 73 80 72 2 49 3 63 33 25 44 72 54 70 45 7 49 62 26 50 69 48 99 11 4 2 66 62 43 7 25 23 61 60 47 56 68 44 96 55 29 25 90 23 36 55 90 84 24 97 79 49 67 32 28 22 15 7 61 76 35 53 85 32 84 12 2 1 1 22 58 33 
71 47 88 25 74 14 76 53 69 4 12 93 47 83 59 36 89 72 15 34 36 28 14 60 41 44 5 54 24 84 25 90 58 20 11 10 51 53 56 67 69 67 73 39 84 46 83 11 88 53 60 15 44 51 83 92 47 12 60 58 31 69 98 79 56 75 92 24 91 32 85 32 48 84 88 89 5 45 7 35 23 70 32 71 9 61 48 66 80 66 18 99 84 35 69 61 23 84 89 85 3 39 99 98 70 39 9 46 43 37 55 49 78 75 14 41 20 25 36 73 52 22 6 68 63 70 96 70 85 27 49 82 88 50 73 7 61 50 24 
32 53 87 71 69 86 9 97 17 50 56 13 66 47 99 18 57 77 94 23 75 52 16 66 88 24 85 94 39 36 45 4 5 89 30 38 88 86 57 12 12 50 81 92 96 82 40 47 20 18 84 33 15 39 49 71 80 99 78 43 39 76 16 27 35 52 96 69 67 52 12 10 26 79 96 42 88 16 99 34 53 46 72 54 56 31 58 47 90 72 95 48 78 13 84 29 30 13 99 15 29 24 64 13 98 18 71 81 40 52 9 94 24 18 68 70 28 15 85 79 22 18 65 28 41 56 63 30 70 93 12 54 3 99 54 91 82 19 37 
61 43 91 61 42 67 54 45 94 10 10 64 44 16 96 88 8 30 11 91 4 40 12 11 21 60 89 15 35 71 25 45 26 77 99 64 38 84 60 75 75 68 66 23 57 42 70 44 84 83 42 56 88 49 36 21 4 52 38 72 1 69 28 27 45 56 34 33 52 27 93 43 54 60 92 3 86 9 91 13 49 53 62 94 50 90 46 36 67 39 35 46 67 38 40 88 28 24 18 72 57 4 48 86 69 93 46 19 71 58 89 68 69 72 84 79 80 37 93 19 30 46 56 47 53 39 87 58 47 48 6 11 34 41 82 16 4 27 70 
8 50 68 95 42 67 94 96 27 11 85 66 50 13 64 20 23 3 74 28 46 68 48 63 74 34 17 86 26 93 14 77 26 7 15 72 23 45 69 88 85 59 93 57 47 3 14 48 81 23 34 34 36 27 75 35 51 18 45 2 2 7 37 19 15 49 98 72 75 53 83 92 99 25 58 71 41 97 4 87 51 65 7 36 88 16 96 74 19 84 71 73 96 19 47 55 27 7 78 37 74 43 4 52 73 69 4 63 91 34 42 49 36 80 18 35 30 66 28 78 44 3 41 95 82 69 19 12 24 22 9 51 6 17 42 71 57 80 29 
6 52 5 88 54 26 69 17 69 87 9 50 74 23 99 93 74 30 17 45 20 76 22 49 93 83 52 32 29 46 52 88 42 59 76 37 30 89 30 83 46 28 75 16 23 4 37 19 48 46 98 70 21 79 45 86 11 17 53 77 40 52 83 93 75 38 28 75 4 21 44 17 51 35 78 50 49 15 97 34 34 50 27 97 58 9 51 50 84 18 52 8 31 91 43 62 75 80 10 85 39 8 63 93 64 77 57 46 70 42 98 97 78 21 25 59 54 13 73 64 43 52 5 96 89 1 7 92 58 97 55 36 31 46 62 93 6 99 86 
3 43 61 84 68 33 63 59 30 4 93 17 13 38 49 4 56 14 53 98 37 68 96 30 20 56 73 45 62 98 86 98 12 23 50 62 81 36 78 55 59 95 86 86 22 5 18 18 11 20 84 40 48 74 3 52 17 91 58 14 59 34 85 71 88 55 70 12 34 12 79 44 53 91 14 60 57 14 77 33 58 43 41 56 73 18 59 46 42 6 84 41 41 95 94 2 16 10 76 82 98 6 92 74 85 83 80 89 27 37 34 46 98 88 34 73 61 92 19 95 88 99 14 28 90 44 42 54 17 74 65 52 81 98 40 8 64 36 33 
36 24 74 73 17 77 74 65 15 91 89 9 70 3 6 54 68 11 93 23 54 35 67 13 19 72 42 66 84 96 90 15 25 55 45 8 94 8 20 19 45 26 27 17 53 16 88 83 9 17 37 94 63 40 46 22 77 50 27 29 93 92 46 93 79 6 29 87 42 77 21 15 42 36 88 80 69 38 72 96 32 14 22 60 80 82 90 22 45 22 10 55 87 54 52 83 54 70 31 84 35 50 64 28 30 83 59 69 87 86 38 1 65 65 65 83 66 58 29 80 9 66 57 8 50 3 36 68 69 65 24 25 10 54 17 88 10 57 97 
51 22 46 70 38 89 63 64 35 59 84 73 18 58 17 47 31 87 25 92 62 98 44 70 71 48 9 46 14 78 55 82 22 36 58 56 70 91 49 71 17 38 83 83 49 37 77 20 14 35 24 10 82 24 43 17 69 71 95 12 9 60 16 10 84 97 40 77 16 62 56 40 61 94 51 47 68 49 23 55 42 1 50 53 98 39 33 85 79 19 17 48 42 30 20 44 60 60 56 76 73 94 21 9 37 76 81 63 23 47 13 3 66 96 65 65 89 17 13 25 49 92 53 68 79 64 45 23 10 43 84 47 40 10 92 85 37 27 71 
64 73 80 18 30 83 56 93 73 62 85 23 94 47 42 54 51 4 29 81 74 66 93 45 17 8 66 33 36 4 49 83 49 51 64 13 80 40 37 59 37 34 7 18 72 96 81 59 64 13 75 77 17 96 98 54 14 20 98 18 54 49 89 40 46 15 14 9 56 88 49 58 50 46 13 31 47 71 94 96 34 71 16 3 2 85 96 48 4 39 36 89 37 85 92 35 36 81 81 69 7 78 56 28 82 93 73 62 65 51 22 24 24 25 44 9 32 64 64 24 89 23 13 18 70 12 10 69 30 32 50 36 88 67 13 56 89 86 25 
52 94 77 86 86 59 11 90 31 22 82 42 13 78 43 31 53 36 17 80 69 5 53 35 89 60 85 67 47 16 15 24 83 19 30 20 74 48 3 83 8 16 35 17 17 15 2 6 6 88 17 86 14 98 68 64 35 55 68 92 15 46 86 20 20 13 38 40 24 7 98 3 99 44 46 29 89 74 31 40 58 16 91 45 88 64 45 86 62 40 41 50 93 48 98 41 25 45 7 97 47 21 52 60 47 67 73 10 70 86 51 82 4 3 96 75 48 78 81 98 7 54 74 7 95 81 49 89 2 1 64 90 38 60 34 22 85 33 89 
82 51 3 28 36 62 9 64 44 12 23 86 18 80 81 63 88 99 91 41 97 38 90 86 18 30 93 58 66 93 19 41 43 53 46 48 38 37 4 55 20 38 12 74 31 95 28 82 75 54 41 78 58 94 55 62 5 99 69 62 80 36 28 77 76 28 1 25 36 46 59 90 52 9 51 67 55 50 33 83 2 98 93 74 25 9 51 39 36 8 14 55 69 73 39 24 61 95 99 54 61 25 95 42 71 90 50 68 90 35 14 96 65 40 26 3 34 11 64 46 45 92 85 76 23 29 60 77 32 22 58 1 50 67 72 23 19 30 16 
32 28 39 58 85 92 47 90 29 70 49 55 19 75 70 91 36 18 13 77 36 92 67 83 13 26 54 81 63 22 57 35 91 28 11 13 95 68 55 84 9 74 27 84 99 99 33 83 75 14 48 1 10 45 64 54 27 98 30 77 33 50 11 21 49 97 46 93 17 87 42 32 20 21 35 82 17 57 72 83 75 48 11 36 96 88 14 52 16 55 31 68 23 46 70 3 28 51 77 73 68 78 63 2 56 2 6 88 63 85 80 71 80 81 25 44 71 81 72 95 12 4 91 27 10 41 47 33 74 94 35 72 26 29 31 99 1 85 69 
2 81 61 87 5 40 74 39 79 13 55 10 60 87 20 72 20 80 73 82 98 5 22 65 4 43 47 53 84 29 31 65 10 18 65 21 32 85 27 95 89 85 79 23 74 20 37 26 41 93 19 22 3 8 73 63 5 39 72 26 56 81 94 35 49 86 7 55 90 56 31 84 5 78 20 2 58 34 13 90 52 69 91 18 27 76 23 42 22 80 17 98 61 1 22 8 54 95 23 47 48 72 41 99 13 87 43 85 69 74 4 12 51 59 14 96 2 52 17 72 44 99 17 13 73 72 25 69 87 69 16 59 53 71 98 37 69 34 68 
35 93 22 49 57 33 23 84 3 76 63 85 21 20 31 45 34 90 43 5 46 96 42 1 76 26 61 6 8 93 80 4 64 93 62 98 63 40 60 77 52 70 40 11 61 20 49 48 48 77 22 70 25 11 47 52 67 25 86 63 8 32 62 79 33 99 10 92 84 50 98 11 28 27 90 79 11 50 92 63 61 10 71 54 27 90 89 77 22 93 75 63 71 58 74 5 82 6 72 94 51 30 62 62 66 81 32 29 76 57 68 30 75 85 89 95 88 72 75 29 91 41 55 60 98 83 35 10 27 94 18 57 9 56 98 51 8 66 90 
69 73 38 11 43 32 55 48 30 23 2 86 5 19 5 62 22 69 97 55 19 65 92 14 33 8 83 60 25 23 24 47 5 86 20 76 18 60 56 27 73 82 89 82 38 73 20 57 92 57 5 99 67 4 52 40 31 19 67 24 20 19 55 88 16 89 30 44 2 35 55 32 85 27 25 44 41 49 11 25 28 18 91 19 95 78 65 54 96 5 79 71 66 65 94 31 68 52 83 12 49 83 95 96 3 96 10 47 94 96 4 4 86 97 95 72 21 65 81 21 26 73 10 80 26 3 83 8 77 18 19 13 36 32 33 14 46 86 77 
50 18 79 17 87 46 85 29 66 15 86 21 88 11 73 26 59 96 43 2 50 46 74 73 11 26 38 59 98 42 6 74 87 63 62 19 27 2 83 17 98 77 1 38 13 82 29 54 74 44 95 97 23 1 17 81 82 1 51 38 78 65 91 58 49 53 93 2 17 89 86 57 87 1 13 81 16 69 90 11 71 89 42 63 11 41 90 75 7 25 60 57 38 29 5 92 84 61 60 75 39 98 75 36 61 18 25 10 50 22 43 95 29 56 34 20 50 93 94 39 29 52 32 1 45 66 51 11 56 42 77 33 93 47 8 15 53 82 36 
32 76 56 61 29 86 54 80 52 98 90 73 86 60 46 5 25 12 35 86 34 21 54 41 4 83 36 98 60 90 74 15 30 26 92 34 26 86 80 98 3 80 95 19 85 81 13 24 80 70 49 27 80 84 7 32 95 78 90 7 26 39 52 19 90 43 14 83 88 72 49 74 5 91 18 3 68 62 69 46 99 49 91 98 39 18 13 48 62 92 92 86 37 24 72 56 63 63 33 85 76 49 88 41 3 90 79 81 23 4 89 28 21 41 22 84 95 1 30 4 59 49 43 75 3 3 13 39 92 70 40 12 45 32 73 17 62 46 13 
79 52 38 78 44 59 39 40 6 22 27 61 3 9 59 52 67 2 96 67 33 6 94 10 14 40 81 15 6 42 1 72 14 49 25 71 70 73 15 75 67 32 8 86 50 88 23 94 20 32 47 38 18 13 22 86 10 79 21 82 5 48 84 4 12 79 37 81 80 94 19 37 73 26 26 75 20 15 85 54 86 66 91 76 79 81 53 40 53 62 31 23 52 81 16 78 33 69 3 79 43 17 17 22 10 84 92 86 29 81 71 32 12 39 29 26 98 64 8 59 29 28 23 18 52 97 77 11 49 59 51 12 95 75 29 93 83 52 72 
1 67 59 19 65 46 80 83 61 97 30 12 76 53 49 33 96 26 32 79 39 89 67 24 60 84 12 13 93 44 66 47 70 46 95 95 74 50 87 35 50 40 90 31 5 17 17 73 9 21 80 38 39 41 96 29 86 41 38 66 96 94 28 72 71 64 36 49 66 9 12 19 61 54 39 13 12 18 34 10 29 80 3 20 34 9 43 55 95 85 10 98 23 81 63 68 83 6 82 38 37 79 67 16 53 38 26 96 97 83 28 99 91 36 13 78 54 20 85 61 66 59 24 75 49 79 12 82 21 61 69 5 93 67 82 79 24 38 71 
9 59 76 67 98 76 89 99 57 34 76 62 10 27 10 46 27 78 63 97 81 71 49 43 94 2 49 55 43 41 55 71 87 39 66 28 82 18 90 22 47 66 36 71 34 43 51 21 53 23 51 8 19 58 47 73 63 75 77 24 4 99 16 53 70 49 68 4 39 4 25 16 59 19 38 32 46 9 43 83 52 93 28 46 8 9 20 5 5 60 31 8 30 31 10 82 63 61 23 50 7 98 5 75 94 37 2 71 92 23 11 52 2 36 32 14 26 38 31 14 85 56 38 49 28 7 11 79 14 10 45 42 27 11 43 66 87 3 21 
43 59 38 18 99 65 38 90 71 6 6 24 93 51 57 9 92 28 92 93 24 5 53 18 45 13 58 39 92 25 22 61 86 99 40 30 18 1 36 42 9 93 24 47 53 28 29 81 86 37 72 56 86 76 13 15 56 93 59 92 50 40 62 95 91 39 40 15 38 26 42 38 27 97 42 23 96 51 54 40 78 52 45 80 51 67 73 61 61 82 28 85 67 42 14 48 6 82 41 39 91 42 73 64 84 30 19 93 7 88 13 81 49 14 39 96 4 60 69 22 46 12 29 38 95 17 42 83 48 27 58 95 52 84 88 82 18 41 38 
24 6 79 88 25 23 31 52 28 35 18 26 9 34 43 91 22 55 52 86 19 51 49 26 62 71 45 27 81 69 58 75 34 44 74 78 16 16 50 9 46 77 65 30 4 64 69 80 58 59 29 4 67 79 74 25 10 79 83 76 90 65 1 17 29 63 61 74 3 32 17 76 80 95 31 66 39 92 43 65 9 58 50 13 5 81 61 29 55 52 55 47 33 81 56 43 86 30 60 76 53 72 96 40 8 35 63 76 22 3 56 1 3 18 46 34 85 44 75 54 63 70 96 50 81 23 17 22 96 87 80 32 49 45 36 7 7 76 75 
89 8 46 28 93 27 62 36 70 64 71 67 9 84 12 13 51 39 98 59 45 82 78 93 55 19 99 65 52 81 51 42 60 37 11 79 4 94 21 58 21 70 26 6 71 16 74 49 12 9 71 84 69 73 84 69 61 16 33 93 21 52 55 95 81 91 71 49 87 83 23 2 10 45 13 45 78 31 37 78 43 77 55 21 74 83 90 68 74 57 96 91 65 14 34 90 86 36 86 29 85 35 81 85 67 15 19 57 32 6 41 75 61 66 54 58 85 41 19 79 39 35 8 19 77 29 6 54 13 80 17 67 37 57 56 5 71 36 91 
32 66 67 70 22 60 63 59 20 79 77 27 60 63 47 16 52 61 21 95 60 36 75 97 2 69 98 94 41 36 38 4 79 85 12 63 94 16 86 80 83 17 27 52 68 85 23 37 46 59 89 26 50 43 15 79 76 61 86 29 20 99 10 12 4 64 35 51 73 2 28 42 17 33 89 54 3 40 98 14 8 77 61 4 7 28 72 18 10 64 53 10 74 49 53 40 35 82 64 73 71 36 18 35 88 38 29 10 14 94 7 98 65 15 40 87 36 47 97 96 65 77 75 18 2 94 23 11 35 8 35 68 92 31 17 55 34 59 41 
9 81 73 79 20 43 57 23 8 59 25 26 25 99 67 66 16 93 62 33 36 48 27 38 23 65 91 13 91 52 26 47 19 70 32 86 27 99 71 23 57 60 93 2 3 77 20 6 29 37 77 72 46 58 87 68 85 24 45 16 56 6 22 73 44 36 97 65 72 35 27 79 67 42 94 39 82 62 33 28 44 25 10 16 28 34 62 66 67 89 91 21 10 98 16 24 2 14 7 14 43 62 34 5 23 8 26 25 96 11 13 23 52 46 64 29 24 34 14 97 38 94 75 50 23 76 84 14 93 4 84 18 78 54 19 31 19 6 85 
66 74 8 38 99 69 9 28 50 96 69 52 37 73 62 10 12 49 62 81 90 68 46 44 62 92 77 82 36 57 4 1 79 90 61 57 62 40 71 60 32 38 2 6 4 46 48 85 32 78 80 80 16 57 49 2 25 33 12 57 23 95 9 70 85 86 22 27 35 95 46 15 77 72 31 52 18 64 7 38 72 77 95 89 42 93 73 50 55 48 99 41 73 99 42 33 44 6 3 3 58 40 71 52 3 33 78 96 93 51 32 68 5 48 23 23 95 1 60 34 39 50 67 78 12 72 6 23 82 15 31 4 20 3 74 32 62 5 59 
47 16 54 36 65 63 56 8 1 87 58 94 21 81 58 75 71 77 62 45 91 13 64 1 4 89 77 63 9 59 11 36 35 94 32 36 76 22 9 42 23 29 13 69 59 47 9 83 72 29 79 54 94 2 99 76 39 30 99 39 5 80 80 31 95 28 29 9 24 88 46 96 28 59 27 62 38 51 4 38 53 48 83 77 53 79 15 51 62 9 46 95 14 8 36 8 15 23 37 73 9 42 95 92 28 30 67 48 12 41 58 91 72 35 55 60 13 54 82 8 41 57 88 68 34 96 51 37 5 88 16 99 41 35 10 53 5 50 58 
19 60 19 78 71 65 2 95 61 90 30 61 82 24 54 39 60 3 46 29 70 44 34 83 42 80 97 29 44 43 53 93 99 83 81 89 78 95 5 35 45 21 84 65 64 6 62 76 74 8 82 24 37 23 63 27 91 25 19 20 40 57 36 90 82 90 67 35 59 61 78 49 96 71 94 43 62 85 88 65 56 29 3 91 63 37 96 9 2 54 63 32 74 15 52 3 17 77 85 89 86 58 37 22 98 16 14 17 13 18 54 11 26 50 98 86 70 17 86 33 15 6 21 26 10 72 11 96 81 7 1 19 69 82 85 24 9 30 51 
25 27 42 35 88 6 62 81 55 28 58 25 29 72 26 11 29 30 85 67 58 23 49 97 31 39 98 98 3 69 28 47 26 51 75 40 99 81 85 50 61 7 47 40 67 23 9 57 15 26 55 84 98 89 86 30 6 25 27 14 39 91 32 89 18 21 85 19 19 95 43 26 17 61 45 10 70 17 26 1 25 20 56 92 53 2 3 47 75 24 36 56 22 35 38 11 47 53 52 31 67 21 21 45 55 33 20 42 92 11 5 23 30 40 31 5 28 34 39 66 5 32 97 8 44 65 11 74 23 59 62 71 37 11 94 68 27 27 67 
61 90 58 52 18 19 62 4 51 28 57 75 59 64 78 36 46 12 97 70 83 9 48 74 72 12 4 69 99 43 82 42 83 11 31 93 73 41 82 80 89 56 46 86 29 83 44 14 91 95 28 89 21 27 37 36 67 38 33 46 45 3 44 58 27 52 60 64 8 53 30 48 5 68 78 63 47 2 27 93 45 9 14 19 55 93 78 87 55 40 24 42 66 72 1 52 1 61 70 62 39 28 35 12 78 13 16 19 29 99 11 79 85 39 71 25 13 7 2 21 99 31 97 55 30 61 73 66 48 65 62 84 68 34 47 27 65 89 69 
72 73 7 38 34 82 51 25 95 22 42 47 88 65 11 69 93 90 51 75 4 41 80 77 75 21 94 82 26 52 76 26 80 9 3 66 69 50 23 8 58 64 15 1 25 62 90 19 88 36 40 94 81 37 36 16 77 90 1 54 55 2 85 33 92 32 9 44 99 71 91 84 6 46 35 32 26 66 81 37 65 20 44 64 86 43 22 10 76 21 42 51 74 65 85 71 48 72 76 34 37 79 61 81 76 77 91 95 33 98 65 14 69 13 89 50 52 25 36 7 85 61 69 69 78 14 49 69 76 68 85 96 52 28 76 23 8 55 18 
49 50 87 68 71 70 73 22 35 47 18 9 28 7 71 90 34 6 1 6 98 33 42 59 73 90 13 52 86 56 21 63 43 83 85 50 87 93 60 9 79 79 19 3 83 90 84 93 32 66 30 74 41 73 55 88 17 16 39 56 30 24 57 9 41 92 80 71 59 60 83 35 37 92 34 1 78 18 29 72 95 79 56 70 79 83 69 67 82 17 16 6 15 82 49 73 12 46 38 49 53 85 17 51 21 14 72 23 21 8 71 63 1 69 61 39 82 22 83 83 89 36 29 42 71 8 82 2 68 6 57 80 18 33 18 50 76 55 38 
43 50 10 76 65 58 95 31 9 78 23 13 27 71 87 81 60 81 64 42 33 18 58 77 16 33 88 32 46 29 81 30 58 14 25 83 82 65 81 8 26 62 40 5 41 92 83 17 52 50 74 97 60 42 80 94 81 3 28 5 20 30 69 83 42 66 3 21 81 12 8 83 63 2 25 16 84 53 99 5 68 46 75 76 48 32 97 29 93 93 19 13 37 41 35 7 35 42 49 38 65 29 66 84 92 55 75 50 49 32 32 62 60 25 27 13 70 80 52 39 40 92 16 13 61 4 61 27 17 9 89 67 53 46 34 15 76 58 81 
79 84 81 59 90 52 26 31 20 12 96 92 69 51 9 51 41 52 71 78 23 37 92 37 99 33 77 90 15 36 65 54 39 61 91 76 74 21 18 3 26 6 38 96 24 90 53 81 70 91 97 41 64 74 80 81 23 65 82 59 57 38 13 12 5 40 10 92 3 28 50 2 65 29 72 67 84 27 62 89 81 53 51 40 69 69 61 29 4 23 87 71 6 67 4 91 95 56 20 27 71 91 79 62 46 50 43 77 56 12 34 25 52 16 1 6 74 65 31 10 27 13 66 61 47 30 60 80 84 80 68 36 16 11 3 43 41 96 82 
70 53 67 1 82 94 95 21 66 14 83 46 91 43 13 68 90 84 38 63 66 48 16 58 10 73 7 29 41 90 16 9 86 68 53 14 58 53 79 32 46 5 45 38 73 45 63 37 41 48 7 30 81 6 29 82 14 61 1 5 91 74 47 39 48 19 58 65 70 49 90 26 95 9 71 37 64 41 78 41 10 72 8 47 10 63 45 39 88 26 94 39 60 90 69 28 10 16 59 58 73 10 9 78 48 36 43 39 26 68 31 84 3 50 7 56 15 61 59 76 90 36 89 92 51 86 50 52 82 74 39 51 24 45 77 67 3 11 99 
22 73 85 40 12 77 82 80 84 8 90 57 9 13 73 62 40 5 35 14 17 8 19 66 21 26 31 90 81 89 79 6 99 25 31 8 2 75 20 86 53 28 34 30 99 33 15 23 60 33 92 83 22 98 2 3 1 61 18 13 1 29 9 71 13 24 86 82 18 42 14 55 17 81 48 86 25 10 22 60 86 18 26 24 98 85 59 82 60 40 80 44 43 80 71 72 52 8 61 94 69 39 94 22 37 79 26 45 18 46 35 91 78 11 72 81 83 57 40 61 77 28 12 17 29 62 99 53 90 22 95 13 41 79 64 48 43 90 56 
29 61 82 86 61 71 57 14 57 35 31 25 61 58 36 27 18 4 85 86 66 44 78 77 5 82 82 40 53 23 65 20 90 20 54 99 32 20 43 94 89 70 49 45 59 39 22 30 96 90 55 23 14 44 64 99 71 35 66 26 57 49 4 65 78 96 35 36 61 42 11 26 91 75 3 25 32 73 99 43 94 81 12 48 68 34 52 15 31 89 78 13 80 78 56 13 63 16 55 59 42 88 27 54 93 17 13 99 17 78 83 57 68 31 65 6 46 85 1 26 33 63 44 11 3 98 95 73 92 25 24 29 62 18 33 3 99 88 89 
48 73 30 26 65 3 61 78 25 93 1 59 77 63 93 87 53 4 27 78 29 44 34 9 54 52 14 87 51 20 77 75 32 28 49 20 49 98 47 90 52 29 44 13 12 96 70 16 96 52 12 4 92 57 74 39 32 22 19 82 70 1 70 61 26 57 49 73 36 26 16 15 31 13 77 91 98 8 33 16 95 42 53 23 26 72 22 33 58 20 25 66 61 76 17 53 48 46 98 63 95 73 48 14 26 43 12 13 68 36 25 42 34 13 35 38 52 27 37 48 12 99 25 79 64 51 81 66 60 15 60 91 5 8 53 68 20 43 83 
61 20 12 21 71 21 29 61 63 13 8 83 9 65 75 97 11 66 93 14 2 26 81 28 13 68 96 56 53 25 73 84 84 85 32 78 90 74 99 93 69 78 32 7 69 94 93 53 22 73 62 16 55 27 51 20 7 44 70 32 5 19 17 14 83 77 42 44 79 76 92 66 47 84 50 45 49 1 56 68 44 85 86 72 87 83 45 62 28 23 32 97 85 52 89 14 52 82 60 72 23 10 98 7 11 41 18 75 75 86 94 23 10 91 75 45 88 99 2 2 79 73 54 95 86 87 27 90 49 64 78 57 39 10 77 90 39 8 81 
37 72 60 92 51 38 38 54 15 44 57 29 2 10 50 36 34 81 23 13 29 85 96 85 11 37 37 29 64 16 93 51 80 92 56 18 5 24 51 60 68 45 63 11 79 46 13 43 11 2 76 1 35 7 65 68 71 99 64 19 99 5 94 73 51 70 11 89 15 90 45 31 71 80 10 9 60 20 50 49 65 37 69 73 16 90 23 36 48 3 17 41 32 95 22 72 9 81 78 45 73 63 49 97 43 1 76 82 14 50 15 11 62 25 60 8 58 31 45 20 82 47 11 63 84 97 17 47 32 99 2 94 53 76 88 62 45 11 91 
83 95 20 42 6 29 52 73 4 43 84 97 14 18 79 45 88 36 53 53 61 73 41 3 60 73 36 40 65 92 99 14 12 57 77 75 43 54 92 65 52 55 72 42 6 64 65 94 26 81 92 48 49 54 38 4 11 60 22 16 95 57 87 91 2 20 58 85 84 2 98 45 63 15 43 35 1 11 90 19 43 96 88 81 39 24 42 25 45 93 73 36 7 6 82 95 60 21 81 69 54 70 43 75 81 57 50 11 33 65 13 7 83 11 82 93 97 49 34 98 21 15 70 50 94 47 79 93 12 74 67 47 37 65 97 46 38 17 88 
30 83 28 58 54 31 74 23 85 16 43 89 32 58 94 87 44 71 27 56 7 73 12 34 38 70 96 57 58 2 26 75 8 75 34 16 61 26 35 86 26 62 87 89 82 80 27 79 26 38 7 14 89 70 52 18 35 62 60 87 40 27 9 62 18 54 46 68 67 14 41 56 6 30 96 58 50 76 88 74 85 51 55 16 95 15 54 69 46 19 98 10 99 54 93 83 16 19 25 57 3 74 64 1 13 28 95 91 82 59 57 7 61 61 92 82 45 63 24 82 98 80 63 66 76 76 91 31 25 66 16 69 42 38 91 3 95 88 21 
2 78 18 54 24 95 29 30 55 27 80 25 67 84 15 9 78 43 1 24 12 19 5 56 6 21 8 70 13 85 14 55 8 67 15 80 74 81 40 3 59 57 70 27 99 47 87 14 69 44 25 14 86 62 5 45 64 35 52 53 94 20 43 43 71 50 21 11 25 45 27 84 95 81 63 91 68 43 91 61 34 23 74 14 38 9 23 52 74 79 28 97 44 46 35 89 50 27 87 93 19 65 6 5 84 82 6 16 81 19 90 18 9 74 32 45 89 60 62 98 21 20 19 97 1 27 72 21 27 96 16 85 82 69 92 70 37 41 47 
65 60 60 9 31 20 60 26 72 43 60 27 42 96 85 20 75 49 90 83 14 77 83 66 59 8 79 29 14 15 43 82 80 78 75 87 71 66 86 14 62 60 21 30 34 39 10 36 75 68 36 88 52 56 41 84 84 50 40 41 42 29 44 5 2 9 50 16 79 88 99 36 65 33 84 86 42 99 86 62 44 57 38 24 44 74 50 21 24 5 4 6 10 16 66 29 81 14 42 22 48 9 90 83 60 59 69 70 63 70 50 87 34 33 52 42 73 85 29 5 65 42 77 68 15 84 47 62 21 76 17 82 69 5 69 50 2 65 18 
96 82 34 44 74 51 33 62 44 33 81 77 99 60 47 20 7 32 78 56 61 29 14 25 49 61 55 68 33 60 34 82 56 37 50 41 10 69 18 23 91 19 86 94 25 45 89 72 42 26 72 1 26 83 41 56 65 54 80 14 96 56 51 95 82 91 48 43 97 97 94 11 43 79 63 77 91 67 9 12 44 9 50 78 75 73 45 15 56 67 56 81 64 33 39 33 22 52 76 36 70 85 99 73 3 3 14 21 13 44 6 77 53 53 88 11 29 77 69 28 62 95 39 63 10 25 76 84 49 19 28 78 59 33 96 91 82 8 88 
53 64 15 66 35 22 61 66 24 21 33 35 18 95 35 59 7 39 84 9 12 43 72 30 91 77 99 79 44 88 93 83 50 39 81 36 44 90 30 88 60 79 47 22 5 70 27 54 79 49 91 80 84 22 98 17 71 44 99 87 22 51 69 31 31 52 31 79 66 77 86 75 53 80 92 70 98 83 50 3 99 24 51 83 6 60 99 56 22 54 66 29 67 57 55 21 80 33 10 45 34 95 28 77 68 83 53 25 94 66 36 3 1 51 33 48 10 53 50 86 32 25 37 66 63 20 62 32 50 72 98 48 65 93 11 4 36 7 15 
87 22 70 24 15 38 39 20 47 13 20 46 37 96 97 92 17 39 93 71 26 35 3 23 62 14 36 17 46 26 58 26 6 22 22 24 86 82 39 29 64 87 99 5 4 95 76 37 59 90 85 19 21 17 12 49 84 55 78 24 85 49 20 50 29 90 21 93 42 40 88 54 5 34 21 42 51 97 36 49 26 96 71 46 60 51 86 49 85 41 55 30 26 65 89 23 35 57 73 16 12 86 36 56 53 99 54 27 94 45 14 76 38 6 42 61 5 99 85 94 66 78 84 55 97 3 40 34 39 37 7 74 26 80 17 75 92 37 4 
9 99 36 99 16 52 65 56 16 8 34 60 93 92 57 81 15 97 17 8 29 41 59 20 94 5 51 99 62 31 12 53 30 22 22 68 20 69 55 86 48 66 24 95 21 81 63 47 37 84 81 36 38 81 71 21 82 13 70 5 33 58 97 94 18 78 56 59 79 1 69 50 85 35 96 61 82 32 32 73 56 60 24 61 95 40 42 58 47 40 89 10 30 74 35 29 83 67 90 74 97 59 87 66 73 21 68 25 2 80 15 3 69 55 52 21 42 21 72 49 4 69 96 28 50 93 54 62 73 93 97 82 9 82 48 69 58 11 10 
31 16 58 5 1 98 65 51 77 70 48 31 8 16 18 38 71 69 31 98 81 81 68 57 41 18 8 22 60 83 23 68 28 75 38 66 59 32 37 21 54 44 87 6 37 20 71 64 11 8 59 14 10 34 3 36 26 47 19 70 40 32 7 89 39 87 29 67 15 54 27 18 4 16 51 21 41 19 84 19 55 57 9 87 24 97 69 86 32 82 22 66 37 88 70 91 99 52 22 94 85 2 23 73 57 84 89 54 48 67 20 30 3 36 24 55 17 26 1 23 1 47 14 76 70 23 22 9 15 13 26 51 15 85 97 98 57 2 53 
38 27 98 2 51 70 89 92 54 89 44 14 91 67 51 87 11 55 15 97 68 30 87 45 77 52 99 72 90 99 61 14 89 56 5 18 92 48 96 93 74 71 6 10 99 20 46 81 73 69 60 9 98 74 86 49 70 64 41 28 46 88 27 8 90 89 55 31 99 46 96 12 67 31 31 81 57 54 13 55 34 21 76 72 48 14 69 23 42 84 39 57 75 65 83 97 36 84 10 97 85 78 68 82 77 80 78 67 10 95 71 96 91 14 71 97 55 35 44 63 58 61 87 54 56 57 44 96 85 3 27 85 52 28 74 96 98 52 20 
95 42 50 72 85 51 37 20 64 54 92 37 23 22 69 69 21 48 66 62 21 66 10 68 16 48 67 14 68 60 82 89 11 24 69 37 16 90 72 46 86 26 5 87 79 61 17 22 68 35 23 36 33 82 12 52 82 50 36 90 19 30 26 13 96 11 56 5 91 74 72 63 80 83 62 50 6 53 49 52 84 9 85 84 34 76 49 28 70 25 2 1 59 98 15 48 73 1 28 95 31 70 1 79 42 78 11 68 66 13 56 74 73 40 49 19 1 98 91 66 82 26 2 59 61 31 61 65 78 99 34 2 39 91 9 84 66 43 9 
3 29 80 17 96 46 28 44 57 94 93 72 63 89 81 1 73 68 14 59 10 3 3 67 87 84 83 53 52 64 99 68 11 11 63 98 11 38 28 32 81 75 75 13 7 27 32 28 99 82 7 68 44 14 27 81 8 80 9 55 24 13 64 48 7 61 97 86 71 89 39 4 93 93 99 11 13 32 31 50 36 98 20 78 59 64 42 47 72 59 34 88 31 27 42 96 58 82 26 64 11 80 85 11 86 11 70 13 68 63 65 35 34 36 54 61 74 75 49 64 61 28 66 73 33 18 94 45 66 36 49 61 18 31 5 91 33 20 59 
1 11 68 6 30 40 46 12 96 55 15 69 59 95 11 6 28 59 9 14 30 58 7 59 6 67 96 9 85 75 89 83 68 2 45 68 81 15 78 12 49 45 32 59 46 67 46 57 90 96 56 96 39 21 2 4 12 69 88 79 57 69 15 43 41 38 72 26 50 85 66 99 71 5 90 94 74 16 22 5 82 18 47 82 20 45 31 5 96 31 66 49 60 93 9 67 91 98 4 15 19 69 12 16 46 8 3 92 15 58 40 65 49 12 52 83 69 98 84 10 65 73 27 60 60 58 83 22 43 38 55 38 85 92 63 10 52 32 44 
94 8 19 83 12 53 37 32 94 61 52 50 17 92 35 85 26 1 35 23 97 5 29 62 57 77 16 67 6 62 94 67 6 7 17 45 43 95 61 15 61 94 48 78 91 32 92 37 43 89 40 87 26 45 84 47 28 86 76 6 24 41 28 11 35 53 94 5 26 41 28 32 93 28 66 28 49 96 83 40 86 14 90 52 36 68 49 94 12 12 54 48 60 50 32 76 45 2 55 12 13 49 39 98 25 63 99 27 3 88 46 97 30 63 62 12 79 29 78 50 98 19 60 12 37 77 7 7 49 31 34 97 95 9 21 45 3 81 47 
73 20 24 46 18 42 41 67 49 13 15 39 41 27 27 67 75 39 24 9 28 98 52 55 60 92 32 66 39 7 48 63 86 9 65 74 65 18 64 11 6 29 4 35 74 2 4 10 47 2 94 43 5 33 66 59 11 75 81 63 53 65 57 9 96 16 89 8 57 37 2 50 26 81 79 74 92 67 19 47 18 16 58 96 91 38 21 88 73 57 27 41 58 97 71 31 23 8 14 31 49 5 3 66 41 19 20 73 82 65 5 44 98 97 46 90 41 52 36 40 71 57 76 39 49 27 48 76 51 51 46 33 54 18 2 42 30 97 20 
62 75 36 48 14 11 32 70 85 93 77 64 75 32 23 33 19 26 96 81 19 22 63 58 68 52 38 17 41 96 51 57 5 42 42 24 95 72 53 87 85 71 30 4 58 84 31 25 98 17 47 29 8 23 98 80 44 62 4 49 31 91 39 13 81 33 47 30 22 60 49 31 67 38 21 61 45 87 79 83 68 16 25 5 53 42 36 43 19 70 1 16 71 22 97 38 66 99 39 31 49 68 98 39 6 30 23 72 75 13 43 42 28 82 78 3 99 41 18 45 95 90 2 30 97 80 51 98 53 33 83 78 21 84 70 78 69 91 82 
16 99 84 83 33 54 30 17 92 58 30 16 86 88 80 25 2 76 36 17 2 27 87 86 32 6 82 24 41 3 18 40 14 21 97 72 74 24 27 98 16 96 62 67 32 7 1 1 39 17 29 52 81 55 55 17 68 79 27 92 21 94 74 33 8 46 89 83 18 31 45 94 24 15 92 13 2 16 63 5 18 81 60 77 30 60 3 92 25 3 38 88 43 98 15 51 97 3 20 57 54 61 15 25 9 72 60 17 27 13 93 80 37 33 87 86 81 77 52 78 42 51 91 28 25 99 62 12 8 46 41 61 99 93 1 63 4 67 3 
76 31 87 97 9 45 1 5 82 45 51 29 28 49 76 88 89 75 9 52 60 87 27 32 49 44 27 81 23 35 94 60 1 28 45 59 88 27 71 2 47 2 35 57 45 79 61 83 67 19 83 85 17 35 62 23 16 79 18 41 72 27 64 60 80 4 59 21 93 34 11 68 53 72 10 25 31 29 53 78 46 86 7 59 67 48 44 53 38 99 87 77 31 92 31 87 70 76 55 88 6 59 99 10 76 99 69 90 75 67 43 72 4 53 60 16 58 38 98 28 50 95 49 45 36 49 4 41 9 39 67 8 3 94 15 42 93 13 83 
3 97 53 93 46 90 48 20 95 14 80 69 39 41 70 6 49 20 74 69 95 27 48 68 40 25 27 34 93 41 73 19 13 82 42 13 26 25 71 43 89 21 50 80 91 38 8 89 30 83 86 10 14 67 59 93 42 27 76 26 60 16 2 94 97 42 20 70 19 94 94 86 14 22 39 7 86 35 60 63 27 98 5 46 74 38 76 60 59 85 49 36 70 74 71 65 95 23 92 34 46 20 7 15 35 99 77 14 87 95 54 10 98 92 37 68 67 20 58 7 70 3 59 95 47 84 44 26 59 34 79 47 59 28 59 99 89 7 29 
83 3 10 76 50 93 92 51 35 89 28 60 73 34 59 6 36 72 39 55 93 5 75 69 35 21 34 69 79 7 71 34 38 42 52 15 49 82 17 99 3 19 59 16 44 32 13 79 97 69 32 96 11 77 90 99 48 15 71 49 40 26 83 97 63 52 2 99 48 85 89 73 47 49 16 24 5 17 28 84 74 73 88 81 96 93 63 8 80 98 6 31 13 82 35 36 96 99 87 24 99 1 72 28 22 44 65 34 12 56 73 54 9 70 67 70 6 51 42 7 87 3 33 67 98 61 21 22 8 6 13 22 27 51 80 14 47 82 20 
65 97 17 61 81 52 94 10 10 98 74 48 87 33 51 53 94 30 76 82 24 94 53 61 3 96 77 9 82 73 24 67 94 10 29 84 64 52 48 72 12 77 82 52 72 22 58 16 48 60 54 56 48 70 14 11 23 39 38 47 73 30 12 85 94 63 54 3 88 43 50 72 66 47 49 94 34 38 1 94 36 67 22 52 74 35 6 69 4 75 5 12 91 11 98 31 88 18 9 52 80 67 2 30 20 85 63 33 64 50 56 12 76 65 68 24 59 51 47 18 5 29 27 89 92 45 68 41 91 44 97 69 10 96 40 80 21 4 68 
48 38 82 93 29 18 14 25 24 25 59 87 37 1 3 4 40 26 66 4 91 64 15 91 33 4 10 77 2 71 5 53 25 76 9 43 72 4 30 28 79 92 17 13 63 76 50 28 63 4 25 46 70 76 82 60 75 32 70 73 25 95 1 85 32 37 60 24 5 31 58 84 79 22 73 85 40 38 63 90 58 40 59 70 37 57 36 41 35 80 51 56 87 57 29 13 40 90 50 88 4 46 35 77 85 23 87 2 44 9 87 91 66 5 10 87 7 70 69 97 93 62 68 98 10 7 93 2 23 60 28 55 62 18 56 63 5 11 36 
32 89 32 37 20 4 84 82 14 14 58 31 52 66 3 67 13 7 35 62 35 86 8 5 67 41 29 27 49 49 67 88 64 42 39 53 5 23 89 23 58 60 46 31 41 8 53 88 49 9 40 77 37 79 71 97 20 60 95 39 88 72 88 38 95 96 84 9 85 21 67 59 21 92 47 85 65 99 20 50 90 1 4 80 82 35 38 38 4 94 81 13 18 64 37 60 59 27 94 6 59 13 52 55 51 66 29 46 98 53 58 50 12 5 42 92 1 63 17 60 77 73 38 35 14 90 76 55 51 51 55 15 99 43 35 18 87 54 53 
82 65 8 61 23 55 46 81 97 47 68 71 14 31 11 38 5 42 26 71 78 18 78 50 24 44 85 38 70 81 31 15 54 22 67 95 72 43 47 96 56 41 11 14 78 5 13 59 49 8 17 73 54 47 11 85 34 10 21 80 37 71 24 88 38 60 17 28 99 55 19 4 71 67 78 2 26 36 45 77 73 15 11 36 88 46 52 24 32 2 31 84 76 8 47 31 53 48 31 75 43 60 56 57 77 30 42 58 72 23 87 80 58 1 70 75 44 89 45 82 10 59 13 44 45 76 17 16 23 51 72 80 43 97 86 35 7 26 42 
13 78 66 5 48 12 90 55 10 79 9 43 79 17 24 63 78 15 12 99 6 83 42 95 74 70 53 2 30 1 53 93 45 46 38 51 22 83 47 1 73 57 33 47 21 86 57 42 83 34 89 73 86 47 29 13 15 22 83 2 27 44 72 83 18 1 34 95 97 42 30 90 5 1 93 50 58 62 67 48 8 10 88 20 90 31 7 93 74 94 52 21 59 27 58 72 76 68 35 19 25 51 57 7 28 36 8 80 66 58 51 87 95 64 93 36 40 51 59 38 5 70 29 96 56 71 92 48 5 45 36 67 66 31 71 35 35 76 36 
98 80 33 95 65 40 81 36 92 1 77 13 90 75 75 68 52 2 52 73 60 88 70 4 38 82 31 99 3 33 92 53 37 30 37 16 93 62 3 9 17 31 9 75 71 73 29 5 97 55 85 32 51 39 38 76 68 32 51 79 91 30 18 22 60 95 48 79 56 85 63 17 6 18 66 19 87 54 94 50 32 92 49 70 57 77 15 97 19 14 32 9 45 11 49 7 27 86 29 76 92 16 55 18 85 44 85 92 50 49 91 67 83 22 65 8 23 79 76 4 76 71 6 50 19 13 37 10 6 96 46 55 6 32 30 20 7 24 56 
37 39 35 48 97 96 78 51 52 62 65 92 20 33 17 7 71 43 74 17 43 70 79 35 78 18 74 39 44 47 97 51 69 6 53 99 88 40 56 99 54 83 22 90 79 70 7 48 7 70 24 31 15 98 23 35 45 32 78 98 13 31 41 46 86 94 59 14 17 88 36 72 31 60 21 19 69 17 98 79 97 84 84 14 25 32 12 49 64 80 76 87 47 60 57 36 34 76 55 34 19 52 75 19 91 21 11 23 29 78 39 27 51 71 17 55 40 72 31 98 94 94 47 60 87 50 36 57 87 50 4 6 39 99 70 21 32 72 85 
93 54 92 73 23 98 92 88 6 28 44 19 40 42 36 30 19 41 20 64 7 2 10 2 80 95 34 97 63 42 90 4 57 90 10 96 74 84 89 45 70 72 43 63 47 64 24 41 60 5 52 49 1 75 40 20 52 24 17 1 76 79 90 60 8 73 96 54 71 96 70 21 82 55 43 77 93 34 16 31 82 44 6 87 19 3 75 71 99 29 99 38 4 44 2 45 6 49 18 81 92 60 77 49 56 34 96 86 43 90 57 89 22 73 36 7 42 4 10 58 52 16 77 89 48 91 46 42 60 3 6 31 56 81 15 99 22 4 44 
89 55 96 20 99 48 46 20 51 82 48 98 1 81 53 36 28 28 29 34 43 45 95 62 67 88 20 79 73 66 31 9 55 35 82 44 49 49 10 54 88 39 90 55 8 53 23 48 71 11 47 5 96 12 82 45 23 27 39 77 26 93 5 5 4 50 61 91 21 64 53 61 6 19 72 49 61 77 87 11 11 96 78 35 26 24 16 75 3 58 75 62 56 15 50 94 66 38 84 74 70 47 5 37 81 92 24 27 33 40 14 20 32 31 66 60 92 30 33 95 88 56 21 34 77 43 36 88 30 52 36 12 88 87 34 30 99 78 22 
88 27 45 88 88 18 69 75 2 59 88 98 65 44 14 14 53 64 24 99 92 63 53 84 25 73 43 39 60 24 16 33 30 51 22 88 86 90 49 95 41 93 75 52 89 67 82 33 71 68 79 67 3 11 17 48 96 5 94 46 81 88 8 38 48 31 76 53 62 82 28 86 27 11 46 75 9 81 46 9 91 10 84 63 69 58 58 73 11 70 83 85 82 97 79 11 7 46 47 21 94 23 77 8 2 70 14 73 46 49 47 73 26 2 64 87 68 37 39 67 54 35 55 27 92 41 55 94 14 78 59 35 91 40 16 30 98 48 58 
70 91 48 64 30 4 87 52 78 37 91 85 41 41 91 49 82 91 57 12 61 14 91 40 94 85 17 47 5 78 11 84 34 79 21 53 30 36 69 90 95 45 88 70 46 39 35 97 84 35 54 95 7 25 45 26 47 54 23 71 65 38 30 66 17 55 36 20 90 75 98 14 91 84 38 62 45 68 19 39 71 93 89 92 40 7 43 51 53 66 68 40 1 60 95 29 57 67 39 47 31 60 76 46 71 83 60 5 17 23 67 9 72 75 72 57 21 34 43 20 97 43 65 69 64 67 46 9 59 85 84 21 84 76 66 90 81 82 56 
92 65 86 76 59 3 2 98 24 59 13 91 21 93 95 60 83 79 20 69 31 8 65 54 27 2 14 93 85 40 1 97 12 69 93 59 59 97 47 2 64 34 88 63 98 24 99 73 31 79 79 57 56 79 65 32 28 66 98 24 24 13 65 46 47 48 26 38 7 25 5 16 80 57 90 40 27 17 48 38 42 9 94 41 68 91 81 85 90 79 76 92 82 52 15 58 41 49 52 39 73 49 37 42 66 19 39 49 51 63 79 44 51 8 39 17 73 94 73 86 74 43 66 50 19 53 69 9 40 19 29 94 46 35 69 13 23 31 56 
66 86 45 21 69 38 97 69 57 99 69 42 54 91 95 53 41 74 72 72 2 43 33 84 9 37 79 89 76 2 27 29 23 8 14 11 34 53 14 89 69 30 25 24 8 60 51 31 34 4 63 19 39 29 34 90 82 89 77 3 89 45 52 1 76 52 54 57 97 82 96 86 70 20 13 75 39 48 49 36 17 64 18 96 10 55 63 91 98 45 25 37 93 83 6 63 44 26 27 68 45 72 90 10 97 51 25 17 24 17 26 68 7 19 39 5 42 7 1 63 84 24 44 96 7 95 96 6 31 21 87 4 15 62 23 94 21 58 88 
31 58 25 75 84 56 81 61 99 37 95 8 68 87 94 81 20 52 51 5 44 44 81 5 81 38 56 93 92 14 54 90 89 33 79 19 8 94 77 84 35 84 44 11 88 93 47 99 89 67 49 11 29 40 58 66 41 7 18 77 11 49 81 81 21 44 39 58 84 85 13 91 7 23 88 53 37 54 38 84 81 27 19 26 26 23 33 56 8 3 17 59 96 63 10 48 13 49 58 70 92 27 87 89 53 40 15 80 59 49 15 71 19 27 39 46 27 80 78 75 6 66 17 86 55 28 17 34 28 41 68 48 25 73 93 76 34 3 57 
75 72 33 75 55 80 48 84 37 35 19 7 42 11 14 58 8 13 75 84 10 56 94 96 96 83 5 95 62 15 51 76 25 70 74 82 74 83 82 13 48 85 65 62 67 91 34 10 98 65 36 5 23 64 93 22 47 43 25 46 66 8 55 59 77 22 59 58 91 69 8 57 51 36 23 58 70 31 68 56 86 54 36 21 42 59 10 72 90 41 25 23 60 72 12 75 96 37 17 32 62 82 32 15 29 89 4 49 79 37 81 53 30 49 30 70 74 73 98 81 13 69 97 24 5 47 77 99 12 17 57 90 94 69 96 82 52 83 2 
74 80 8 33 1 11 34 82 32 51 13 98 49 23 35 10 80 60 92 13 67 45 41 9 26 44 71 78 5 50 31 93 18 10 87 86 80 30 9 14 15 15 5 61 61 86 33 27 7 65 52 70 71 91 17 59 64 55 16 83 58 17 89 20 24 69 12 82 11 58 79 74 24 68 17 76 55 54 42 55 62 13 40 80 52 29 80 26 20 13 26 8 64 74 42 25 37 17 92 15 58 88 16 54 87 23 33 64 48 25 5 79 9 33 10 25 91 82 18 29 7 67 97 54 1 42 6 58 22 94 19 53 31 17 56 90 93 92 37 
33 28 84 97 67 10 50 73 93 96 9 8 90 57 19 12 80 94 97 52 12 80 91 64 99 19 40 57 24 19 7 41 54 33 98 99 25 7 65 79 54 41 9 43 35 27 85 31 94 82 45 55 11 15 97 93 50 69 17 85 59 73 38 76 93 82 88 1 15 79 38 94 67 80 47 55 54 68 1 68 20 24 75 44 64 43 19 22 50 2 77 69 17 91 5 2 15 94 30 13 20 4 42 47 90 15 49 4 16 2 77 94 86 64 54 16 77 44 84 3 42 35 96 25 46 74 67 81 68 49 5 98 90 36 39 48 14 18 44 
77 83 6 56 77 45 40 2 28 30 98 93 79 91 23 33 80 58 85 34 91 72 40 18 49 82 28 48 42 94 62 30 2 45 3 79 29 68 33 35 20 88 76 7 32 44 7 59 74 23 84 27 33 95 66 20 36 10 20 53 64 87 59 69 16 39 91 52 89 13 75 5 89 83 23 71 86 50 35 48 16 47 81 59 92 86 79 52 58 2 2 72 44 51 48 57 67 4 56 45 11 56 82 82 7 59 7 24 60 88 77 53 51 53 16 51 38 38 95 78 1 46 67 2 72 53 75 61 10 93 35 88 77 71 69 15 73 72 60 
18 27 51 37 25 13 74 75 1 70 91 28 92 26 31 43 23 3 6 56 95 84 88 54 56 20 92 91 78 24 98 77 96 6 31 18 51 79 16 13 45 11 12 21 33 65 14 76 29 64 97 46 94 22 3 62 30 97 72 98 83 88 40 68 97 95 45 39 44 11 64 76 64 61 50 68 35 88 41 19 90 86 58 42 62 57 30 20 97 13 18 84 90 79 55 76 7 27 56 10 70 28 63 59 70 75 32 93 34 44 69 74 55 74 89 40 35 64 31 82 25 71 8 90 1 45 58 28 86 51 74 20 71 47 11 70 46 41 82 
30 49 28 32 18 55 41 17 54 45 9 91 35 36 44 40 1 50 92 17 89 82 5 89 99 2 50 20 57 20 20 35 5 50 65 86 59 84 56 2 53 21 37 24 46 65 21 1 32 21 11 41 86 69 52 73 95 29 40 52 72 45 60 62 38 51 26 10 52 83 76 40 84 21 34 61 43 85 31 85 49 27 13 87 61 35 4 40 62 19 57 61 66 35 18 72 38 31 5 51 56 93 96 32 76 13 81 96 48 66 18 77 62 12 37 91 70 57 66 5 52 37 1 55 87 33 88 6 14 66 37 74 40 67 35 82 90 69 2 
65 21 47 48 59 9 44 12 78 89 48 98 91 60 64 29 40 69 2 44 78 49 72 83 12 47 69 71 94 68 95 24 22 25 38 53 25 44 17 73 7 80 58 21 11 67 75 76 41 43 74 48 34 73 75 11 44 9 46 42 87 57 90 49 48 88 28 2 98 13 36 98 71 19 35 87 10 37 18 44 64 81 2 61 21 16 2 14 38 25 65 5 1 55 24 87 67 94 64 15 18 90 75 5 6 56 75 80 79 78 28 29 58 45 84 11 19 47 56 37 72 26 33 52 73 9 61 23 84 74 16 12 60 46 34 41 22 5 44 
66 56 25 89 70 93 93 34 97 15 33 50 64 57 29 69 59 28 8 58 38 9 84 79 85 61 22 20 38 36 78 20 96 93 75 74 87 92 22 51 3 60 89 29 61 19 74 18 25 43 8 9 72 36 16 99 68 74 45 46 39 47 65 69 65 72 79 12 29 48 48 68 34 95 86 46 41 19 60 39 39 15 38 81 31 29 13 80 51 80 60 24 14 52 2 97 2 44 18 42 96 72 62 85 44 84 37 40 59 30 94 65 27 53 86 97 53 52 14 46 93 76 56 43 28 43 27 92 24 99 10 66 70 91 76 92 14 4 40 
98 19 26 44 4 29 96 33 21 68 86 45 8 68 88 14 24 76 44 21 80 72 60 2 3 47 10 30 14 47 20 27 72 37 67 49 88 53 13 85 14 65 20 48 10 87 1 13 70 27 10 66 76 16 63 23 42 20 36 65 4 64 86 13 20 2 79 45 95 20 55 6 27 89 39 20 30 78 29 49 34 73 21 1 23 79 94 99 68 81 23 71 77 94 39 89 23 78 11 45 28 26 40 11 33 74 27 80 14 49 89 33 20 97 93 2 27 98 68 81 89 87 88 70 68 87 3 54 27 30 49 70 73 20 12 69 20 95 42 
70 38 26 69 98 76 38 98 53 95 34 12 16 76 61 96 45 43 56 39 83 58 93 36 29 24 8 11 97 91 80 79 84 11 70 46 16 43 4 51 36 76 55 3 88 64 77 10 16 43 68 7 64 39 74 90 96 61 44 1 41 16 75 5 72 7 79 21 56 77 19 71 33 52 33 76 72 12 82 57 24 31 90 43 96 90 86 2 57 78 47 46 85 12 99 55 34 94 60 38 63 40 18 22 63 53 38 17 76 8 97 21 39 11 77 6 30 70 45 93 39 73 33 65 76 69 46 90 83 92 22 81 54 46 16 3 93 29 60 
71 68 70 96 88 36 81 93 90 91 57 13 5 44 51 46 86 22 16 6 54 53 73 25 14 33 51 51 14 19 47 83 40 77 89 85 83 34 98 67 5 77 78 92 60 20 95 49 49 37 38 95 9 90 41 55 84 93 97 8 72 45 50 49 42 27 70 87 22 84 87 8 86 91 57 94 63 65 21 87 26 26 74 14 51 37 31 40 83 25 59 95 62 58 2 67 21 18 27 51 65 12 49 23 51 37 67 99 84 60 25 38 12 10 92 48 5 28 27 1 42 45 62 24 94 77 61 55 86 74 20 84 61 52 39 67 9 89 55 
28 64 2 48 19 16 85 6 65 62 93 92 34 13 56 94 5 69 38 89 36 21 1 81 53 58 91 42 91 60 27 44 69 39 3 28 35 95 57 67 75 96 66 9 33 40 68 87 86 46 21 56 68 29 94 45 76 88 72 52 29 93 13 82 20 90 52 25 86 48 18 43 92 32 7 93 56 81 99 21 85 22 91 98 28 63 78 47 78 44 84 74 36 90 42 6 95 82 2 7 89 9 85 4 58 2 6 5 96 48 7 63 89 47 82 72 54 89 10 68 83 67 70 35 51 49 20 53 25 51 11 11 45 52 63 89 91 77 37 
54 62 75 99 13 96 26 55 92 76 91 66 39 57 35 9 25 52 65 7 33 94 19 85 99 51 17 98 8 47 16 37 4 17 67 38 24 29 3 98 92 32 5 22 76 98 85 24 2 23 19 55 56 34 9 57 44 82 57 75 76 82 3 16 31 14 10 42 98 16 25 90 30 70 75 21 72 23 28 92 30 54 22 26 9 88 12 94 53 80 51 4 97 64 17 97 98 40 54 49 2 28 8 16 39 15 20 18 63 3 1 10 29 58 42 58 32 28 71 11 80 18 65 85 89 69 80 54 10 66 78 96 84 9 6 43 18 56 6 
30 91 32 32 95 94 9 89 52 62 9 80 3 65 33 84 73 58 88 48 19 42 52 2 73 18 24 45 55 67 24 3 29 59 84 4 41 76 33 72 34 19 12 40 86 74 8 14 65 24 2 2 41 18 37 35 37 48 34 50 94 6 59 32 40 71 36 35 13 38 59 35 72 14 73 86 28 74 66 57 91 57 47 81 26 18 52 82 9 72 62 4 63 90 16 62 39 48 22 36 85 10 89 30 53 84 15 33 95 3 2 26 33 9 82 67 45 75 58 78 5 10 5 27 77 18 18 89 72 37 30 31 45 92 95 71 80 1 33 
40 42 93 24 41 27 84 73 66 18 96 1 63 82 38 44 31 6 62 35 8 60 49 65 53 99 5 32 41 63 79 47 72 21 23 87 83 65 76 44 98 99 67 83 46 40 94 88 84 61 51 61 66 29 8 44 55 70 24 60 50 19 98 60 86 54 53 57 43 59 51 67 71 75 34 62 76 30 20 8 62 60 32 25 11 29 74 5 79 50 33 98 12 64 48 19 25 23 72 5 40 90 38 58 92 77 32 3 65 65 63 99 27 31 22 11 57 5 53 30 6 77 14 90 41 94 75 26 63 15 55 86 1 64 88 11 90 39 73 
46 6 57 82 77 6 26 52 95 54 81 89 76 91 70 63 44 74 81 45 73 45 46 7 9 70 37 49 21 80 71 36 41 26 42 58 66 42 17 47 83 8 31 14 53 96 42 8 3 75 33 53 41 32 15 50 49 50 21 45 72 62 52 1 44 48 34 25 32 36 33 90 85 28 50 25 80 64 20 91 12 87 66 27 31 5 38 38 89 28 40 32 2 92 65 87 16 87 25 31 7 81 77 11 44 89 97 3 39 82 96 35 94 61 19 31 64 46 81 20 82 58 60 94 89 71 3 11 27 99 38 57 86 83 69 98 43 50 41 
46 84 18 20 91 51 25 57 30 77 5 66 61 84 92 2 99 74 55 81 62 24 97 22 17 49 78 86 92 81 54 31 53 77 41 36 52 45 70 51 78 65 49 14 67 30 18 78 58 36 56 74 86 51 78 98 22 54 12 51 78 39 66 6 18 23 81 65 93 56 34 4 79 71 20 26 75 25 7 21 15 50 53 47 77 44 48 45 73 6 39 55 43 34 55 13 82 20 42 91 26 10 39 66 37 7 90 1 28 62 54 30 46 40 3 69 95 50 47 97 11 76 98 26 56 43 38 46 68 56 85 44 31 42 81 73 82 58 8 
17 61 57 28 33 65 49 74 74 29 44 95 76 51 25 16 16 80 37 10 80 83 50 70 81 76 84 18 84 78 43 82 23 94 9 71 15 83 52 1 75 12 17 27 86 3 19 28 68 27 80 97 55 12 41 77 76 29 92 18 34 38 29 76 23 55 5 79 31 62 19 37 13 34 51 4 7 61 6 69 70 18 14 64 36 70 34 13 39 46 50 12 10 60 36 25 39 69 63 91 21 10 63 50 93 51 76 88 13 79 35 71 51 51 59 83 77 58 69 7 23 96 44 76 39 95 58 75 94 57 28 91 67 2 59 99 69 9 86 
12 74 48 3 83 19 57 39 45 73 50 10 89 94 87 92 98 69 24 58 64 67 43 99 8 49 30 74 42 81 1 68 71 74 57 9 23 47 59 40 83 83 31 6 21 83 86 35 59 74 6 76 29 76 41 42 13 84 77 4 79 76 37 91 4 15 14 20 21 10 30 73 29 36 67 12 25 76 56 63 48 54 60 45 2 4 7 24 88 44 72 43 61 2 76 37 75 69 77 77 52 22 32 6 21 62 19 92 94 25 43 46 17 67 58 18 86 34 79 10 18 86 17 45 36 7 68 47 91 96 87 64 56 74 34 55 23 34 2 
38 25 57 50 82 89 3 5 10 76 73 24 96 45 41 97 37 90 80 82 13 15 73 65 15 55 73 77 23 84 49 71 99 91 69 29 18 17 36 87 80 43 58 46 68 2 13 87 22 12 30 79 61 83 47 66 26 37 61 68 47 83 34 80 54 36 87 26 83 34 45 91 30 69 22 41 57 41 72 49 62 13 38 90 2 29 17 24 5 9 74 8 23 14 90 26 92 8 52 74 9 45 76 41 88 90 22 73 44 50 27 75 12 27 34 46 14 17 75 25 23 57 96 30 24 18 32 31 59 94 84 3 11 98 64 27 80 67 47 
83 17 73 16 46 10 99 32 40 53 60 92 73 44 57 74 14 57 23 14 76 26 35 90 82 95 85 37 42 65 95 95 25 86 55 86 14 5 86 88 58 99 9 13 12 14 69 71 95 49 26 43 23 28 89 50 51 80 76 98 20 95 96 16 53 89 60 56 72 13 13 23 26 79 19 67 47 78 49 94 36 93 96 65 64 94 68 9 96 39 58 20 79 43 2 62 63 1 38 23 87 85 27 59 50 71 91 72 45 43 69 31 73 70 40 64 64 46 85 8 76 15 50 93 94 79 95 74 99 85 44 90 88 83 59 62 44 36 62 
6 57 83 93 61 60 41 87 76 46 62 42 82 30 49 45 7 27 39 45 11 55 53 8 62 9 48 24 95 29 63 83 5 63 71 37 51 65 32 19 36 29 61 87 5 87 7 91 58 92 87 8 14 11 43 68 92 48 86 83 70 40 25 52 37 37 97 16 7 60 65 78 51 24 11 38 56 12 98 29 90 93 62 28 99 23 75 87 84 35 87 93 94 61 57 13 2 70 43 82 59 88 18 53 97 89 87 77 7 60 12 70 41 87 13 65 78 52 42 83 80 35 5 42 98 98 23 30 31 44 41 87 78 4 5 34 83 35 39 
6 95 84 27 83 16 25 13 59 1 54 82 40 66 3 39 75 42 87 4 62 36 31 3 76 5 66 15 39 45 67 43 70 38 77 60 35 92 59 56 71 35 44 90 63 14 87 31 11 64 46 51 40 38 50 38 5 28 87 71 83 11 20 45 95 66 32 64 62 89 28 28 95 73 6 37 71 33 58 25 77 46 19 14 33 63 10 55 73 57 82 28 8 46 65 94 52 41 45 48 99 74 50 24 54 22 28 86 48 18 62 13 49 32 13 92 9 52 58 43 13 85 73 30 71 8 78 35 78 1 48 92 15 14 74 31 47 70 16 
26 22 5 46 94 95 25 37 56 5 84 92 47 76 20 38 88 9 48 75 20 96 9 71 94 11 41 14 16 12 36 73 52 76 72 24 79 12 86 19 59 82 68 87 45 89 7 46 62 30 51 51 38 96 3 45 14 70 37 96 19 3 78 54 89 63 2 64 68 77 47 33 59 39 46 28 54 13 94 25 85 18 23 21 76 89 54 11 97 7 31 59 77 91 59 98 92 88 45 70 19 88 51 26 17 73 3 86 34 44 67 38 75 51 8 98 74 57 52 49 57 3 44 24 76 22 23 72 32 63 48 60 95 22 56 53 72 4 21 
61 7 23 34 68 51 60 81 35 78 8 9 3 93 53 79 25 74 40 23 69 14 20 79 92 40 18 65 72 71 6 47 21 87 61 91 81 48 3 93 30 22 51 36 17 73 86 17 78 46 65 25 40 44 55 53 95 40 58 34 63 22 45 8 78 51 78 33 56 60 25 66 26 9 95 63 15 98 4 28 59 81 94 42 65 2 80 11 60 49 60 3 51 49 16 18 23 76 51 40 31 79 64 69 31 55 99 41 93 20 17 78 44 27 91 55 76 66 7 48 97 46 36 51 48 90 1 84 10 31 54 10 88 14 69 16 56 55 15 
88 12 39 79 96 21 57 78 5 26 20 96 12 37 81 29 19 44 31 74 77 56 39 94 6 51 91 88 67 30 28 15 75 35 9 73 34 88 91 29 51 35 72 32 10 28 39 91 6 49 14 85 37 97 87 47 89 40 83 31 9 40 19 87 58 14 79 43 53 83 40 38 35 18 88 65 6 81 46 24 3 56 12 34 46 82 22 64 95 89 45 66 9 11 84 8 32 68 62 27 53 22 85 47 26 30 9 37 17 36 19 73 52 3 86 5 81 83 58 72 2 7 2 74 62 39 63 48 98 51 48 53 90 22 20 82 92 43 9 
59 65 36 65 86 27 82 42 62 43 6 35 64 42 78 77 11 66 54 26 12 52 91 45 86 72 16 64 93 61 11 34 28 20 99 51 90 55 30 69 40 66 39 69 51 30 31 20 55 66 48 9 74 64 44 3 70 74 23 72 6 69 89 37 41 36 6 56 32 25 37 64 79 2 94 33 37 77 75 45 24 96 23 40 70 72 40 62 65 59 85 98 81 25 23 27 32 79 46 1 64 69 41 86 9 91 35 51 42 68 80 49 30 84 49 59 5 30 86 41 45 23 2 3 51 99 19 63 78 84 13 17 78 40 2 74 80 1 44 
64 40 44 67 14 40 12 9 77 21 7 55 79 85 42 5 37 71 41 14 87 10 82 16 62 76 61 9 86 7 6 16 18 36 70 64 81 34 90 91 43 45 25 14 75 97 4 21 11 28 88 38 35 47 80 39 57 99 17 67 70 96 65 4 64 51 99 7 5 44 27 78 35 98 50 63 83 53 45 30 43 17 8 70 74 62 66 45 92 73 66 62 50 17 38 64 35 80 92 77 41 54 14 24 7 58 19 72 96 8 3 9 69 93 52 43 76 94 81 12 70 42 92 1 9 89 34 97 65 96 61 76 70 22 14 98 71 45 14 
2 85 17 34 65 60 61 35 43 99 38 98 82 73 22 14 42 22 51 55 14 65 48 75 49 90 84 87 98 91 82 82 88 90 23 78 37 1 98 30 77 21 54 59 9 23 12 72 32 86 59 28 61 17 26 49 64 22 70 16 5 32 72 65 87 67 82 16 93 88 31 77 50 70 35 38 91 86 2 20 6 16 49 95 50 76 26 61 10 29 59 74 64 21 78 80 61 21 2 27 55 15 44 5 70 17 32 6 38 12 56 87 8 47 88 95 31 98 48 65 34 64 37 3 41 26 49 77 91 85 71 39 88 6 48 45 83 56 93 
14 89 43 67 28 23 63 39 76 64 32 48 28 24 37 22 43 38 38 58 26 50 49 25 22 29 59 87 40 94 56 95 30 61 21 93 55 51 24 54 30 28 53 70 26 86 30 36 92 26 14 33 66 77 65 90 64 19 5 51 49 71 69 85 71 69 99 55 54 40 11 70 87 98 10 34 56 29 9 29 58 99 48 11 62 87 74 82 89 60 75 36 70 53 35 72 45 98 93 19 64 25 21 79 76 36 62 24 54 49 86 62 41 53 50 24 8 63 21 53 23 77 19 18 6 91 12 70 53 21 78 24 71 71 56 10 44 20 29 
63 18 93 75 63 22 44 87 70 76 61 38 99 65 54 72 75 38 96 40 11 79 16 34 66 21 58 33 18 44 17 87 87 44 38 66 61 20 13 85 41 53 32 70 88 70 80 20 65 58 18 27 79 71 67 62 64 88 87 61 27 65 50 45 27 34 79 83 75 81 68 35 10 17 90 25 99 75 70 41 27 14 75 49 76 20 35 81 94 11 40 66 52 72 44 7 36 30 61 51 4 8 89 21 53 84 84 90 47 79 42 54 31 43 48 33 82 22 48 92 2 49 73 76 3 84 98 37 31 16 68 28 5 40 92 2 87 35 36 
79 64 79 7 77 23 47 60 82 27 86 78 97 55 90 79 55 95 9 8 49 47 38 20 59 39 58 83 22 89 31 53 28 71 27 3 99 16 47 47 73 88 22 43 11 87 63 57 2 14 25 79 22 51 14 10 80 64 91 57 77 68 75 42 67 88 25 24 62 3 33 1 21 81 90 80 80 11 67 43 15 27 37 79 31 96 3 78 85 92 83 55 99 33 37 74 19 95 29 81 6 78 84 84 34 22 93 2 34 16 61 28 19 8 16 94 28 64 36 41 24 58 62 74 67 53 3 95 43 83 31 67 5 19 87 2 46 26 15 
72 40 68 76 76 83 88 10 95 94 80 79 21 44 61 17 90 4 17 57 44 83 81 60 43 71 51 33 41 67 38 12 33 67 30 45 12 19 73 62 95 86 2 61 85 39 99 80 94 81 60 92 4 98 25 91 54 11 32 37 16 22 67 29 88 12 99 98 65 29 94 28 80 39 35 89 5 23 1 38 98 95 11 11 40 12 94 82 29 38 70 27 10 44 81 8 82 79 6 85 60 88 57 87 44 22 83 56 75 31 72 71 47 99 11 61 84 44 75 71 82 50 74 19 29 79 85 51 88 90 59 20 60 29 76 88 56 23 82 
82 92 54 86 52 27 71 86 34 56 71 95 50 90 69 80 72 86 79 14 83 27 73 35 15 33 46 68 17 12 12 90 41 55 18 37 79 84 76 40 8 92 17 28 48 67 90 70 27 18 90 74 59 27 58 29 24 8 55 88 67 81 44 97 82 81 30 14 60 41 1 33 50 92 34 84 43 81 9 53 60 26 59 37 80 43 66 48 79 20 10 48 65 63 3 84 23 77 30 63 97 71 76 46 77 35 33 58 83 98 5 2 46 24 30 40 33 1 83 29 92 6 99 33 24 8 63 65 9 83 13 72 20 55 97 86 33 68 8 
92 59 53 82 89 84 52 12 49 5 39 49 78 58 10 42 45 84 85 52 36 15 66 63 15 7 18 3 80 17 25 5 97 40 30 25 22 58 31 51 5 26 52 38 85 26 44 24 2 76 94 18 51 38 22 6 33 58 17 13 96 23 96 8 29 18 4 81 93 99 95 77 70 82 17 8 14 63 83 10 37 15 15 41 36 97 46 3 94 62 22 68 9 42 16 84 47 94 41 25 91 3 66 5 25 43 47 47 27 16 3 60 20 86 60 59 41 16 71 13 15 91 82 4 33 13 41 91 57 57 47 15 95 89 56 51 30 96 11 
20 38 35 57 68 38 72 50 30 50 24 97 76 69 13 91 35 40 71 26 5 60 78 8 4 56 11 2 99 38 96 58 79 37 34 23 51 26 68 56 89 18 32 18 73 55 28 45 78 64 22 63 24 72 93 2 14 16 64 35 43 72 30 54 63 58 30 10 13 63 2 34 50 75 42 54 21 10 8 87 88 94 36 38 77 70 61 46 40 67 14 78 79 28 48 95 88 50 70 76 40 87 22 68 99 87 95 27 5 19 3 97 12 27 81 3 28 64 99 91 4 39 12 89 43 8 29 15 64 85 89 10 5 41 93 22 29 17 18 
93 39 19 83 58 5 11 58 64 46 73 31 87 41 59 36 30 28 28 80 70 9 23 64 61 16 44 35 52 46 36 69 7 19 5 90 18 90 2 68 69 24 59 62 48 50 81 87 67 38 49 68 5 47 45 45 48 59 32 81 46 86 26 68 13 86 73 69 79 9 79 42 2 28 84 15 4 2 75 39 94 55 59 60 13 68 26 80 45 32 64 32 93 29 43 29 54 25 33 56 78 56 79 12 69 11 21 77 39 29 11 90 88 69 59 30 48 97 11 6 18 10 83 67 47 3 24 75 23 58 58 38 37 65 56 18 67 63 40 
3 37 62 21 5 51 32 41 69 35 11 12 70 58 54 54 91 64 80 17 63 36 95 46 24 7 64 73 86 57 11 22 64 91 85 83 4 82 24 68 84 76 56 64 95 90 83 72 53 30 82 75 28 88 25 24 52 33 88 96 73 65 19 31 40 1 59 37 75 77 23 23 77 19 25 43 14 49 9 27 22 84 26 83 6 35 14 8 71 52 25 92 39 12 60 9 17 95 78 16 1 39 71 51 14 26 33 75 54 42 39 35 64 11 89 86 30 4 15 81 88 87 34 32 69 9 2 73 9 14 76 14 72 45 86 54 69 25 40 
9 82 67 5 13 19 55 31 80 21 5 74 10 77 13 23 61 22 74 60 27 27 3 63 12 99 67 83 49 21 50 80 14 21 76 90 54 64 25 24 71 39 64 47 15 42 67 96 14 31 93 64 24 54 67 46 41 41 19 62 64 15 13 46 68 3 63 36 30 72 15 16 54 4 83 30 38 58 13 13 25 14 39 65 76 78 25 38 68 27 97 81 51 59 33 54 50 91 80 87 74 36 54 71 92 54 78 2 41 72 18 90 46 53 41 58 25 42 6 68 20 12 26 85 6 12 32 22 75 27 49 88 30 33 35 6 91 44 57 
94 92 26 72 87 57 29 79 45 93 53 22 24 5 43 47 25 65 72 24 99 87 29 20 9 82 70 51 29 55 37 77 29 60 68 52 19 8 82 4 14 89 77 99 91 9 9 25 94 31 44 9 55 55 44 79 28 45 45 90 1 10 55 94 31 76 76 77 60 5 79 98 38 6 89 16 54 81 76 16 18 45 85 71 76 7 77 11 77 11 83 11 58 39 60 72 27 25 4 66 78 79 69 87 90 19 83 76 38 23 84 33 49 91 30 25 15 9 21 19 87 62 42 19 33 21 47 89 22 56 13 10 47 87 92 65 58 10 97 
71 73 28 69 70 67 99 77 28 17 93 82 69 43 33 26 5 77 52 16 88 93 34 83 57 19 57 59 35 18 55 78 11 4 44 8 96 53 35 35 37 26 25 77 24 53 23 26 28 98 16 14 71 35 85 49 41 30 56 70 7 49 59 1 63 25 11 9 48 5 32 6 41 95 50 7 93 5 42 33 75 13 11 47 98 50 38 19 14 93 4 88 90 98 97 92 49 98 96 7 19 24 95 32 86 3 9 1 51 37 1 42 26 74 21 84 67 52 37 69 79 12 76 42 10 63 73 57 78 16 79 90 56 57 20 57 48 63 90 
6 12 47 1 13 26 7 94 79 11 59 10 73 95 35 55 9 19 93 39 7 89 85 46 86 35 66 46 28 15 31 94 78 41 99 21 51 91 41 71 43 88 88 48 45 86 12 15 60 93 17 39 90 81 8 1 28 7 67 91 20 46 82 64 7 79 81 89 20 16 48 10 51 73 24 9 81 22 85 23 41 98 36 51 97 37 59 22 98 94 82 18 89 98 15 85 65 31 63 59 7 44 73 50 48 39 81 35 92 26 48 91 5 53 99 80 36 57 36 81 36 75 86 80 92 74 48 44 97 59 71 5 95 62 63 10 67 75 42 
67 88 21 27 46 49 67 14 59 95 80 16 46 37 75 80 94 89 15 35 38 40 47 44 9 25 84 58 39 64 55 11 13 89 62 42 59 47 79 32 78 87 88 23 18 78 43 10 86 50 77 82 76 67 81 14 77 25 97 57 23 79 8 81 96 92 61 22 15 10 59 77 79 57 94 23 73 87 13 22 79 4 10 88 70 32 73 97 36 75 8 60 35 86 24 44 94 32 63 68 22 17 11 16 49 23 84 71 37 19 87 34 79 14 34 73 31 6 63 33 15 29 17 61 68 1 7 8 17 32 46 39 34 6 71 38 36 4 3 
96 69 27 77 30 88 8 14 63 80 95 40 54 37 12 30 86 74 37 30 82 62 3 11 9 53 81 73 17 87 50 45 38 86 17 69 33 68 32 96 5 43 19 63 62 6 31 60 6 98 8 76 83 50 39 98 36 72 20 62 29 95 8 61 28 10 75 95 37 47 6 69 18 6 17 62 27 8 17 48 68 27 49 77 14 65 29 73 3 12 16 87 83 75 77 22 90 81 68 2 12 76 23 14 93 17 70 72 94 90 96 92 26 57 15 47 88 61 66 27 27 7 14 58 79 86 55 93 62 86 26 83 2 26 74 64 80 19 3 
67 48 92 53 8 47 16 80 84 45 22 83 1 6 91 95 35 22 24 15 73 55 15 2 35 44 34 59 74 68 70 99 3 89 71 93 36 95 20 7 64 74 17 85 12 55 43 84 27 82 42 69 77 56 20 71 41 43 87 30 81 33 95 29 11 44 74 91 56 74 79 3 31 52 6 95 19 94 33 83 6 41 19 69 64 27 62 95 22 32 56 43 36 10 67 46 38 78 7 81 61 7 47 93 65 62 43 59 53 33 98 10 14 36 23 86 33 37 46 24 77 8 60 94 53 71 53 84 73 19 93 11 47 58 77 3 71 18 91 
78 81 41 84 56 54 95 3 39 74 54 29 32 4 26 86 96 22 59 91 31 18 97 30 87 31 40 88 45 71 60 27 24 84 59 92 89 49 60 91 25 85 90 61 6 85 10 41 31 13 68 62 67 6 82 66 65 6 77 93 82 31 84 49 35 49 28 35 25 89 86 24 31 40 31 23 8 30 57 52 12 12 49 99 37 42 13 29 12 92 12 51 50 41 80 29 46 72 3 52 50 44 61 84 66 29 56 96 30 70 43 50 14 59 48 25 50 26 38 71 97 9 13 70 89 97 79 90 30 49 43 61 51 50 15 93 88 18 99 
64 38 68 63 29 97 62 67 58 97 54 29 81 70 90 20 27 62 74 46 19 33 3 29 41 39 49 92 36 57 65 27 12 73 84 19 72 62 43 59 66 4 11 76 18 71 6 90 12 62 64 12 45 53 71 62 72 23 1 92 4 88 36 43 91 11 6 56 51 76 54 67 66 81 2 69 28 36 76 56 48 93 50 71 89 11 54 82 29 19 35 86 36 59 83 9 69 82 22 65 61 34 54 76 17 44 33 35 90 97 70 72 90 73 94 62 86 33 78 56 20 99 1 34 96 75 29 22 3 36 26 82 27 24 73 76 32 22 43 
12 21 64 14 38 78 55 72 36 98 57 7 63 53 1 91 36 30 42 12 50 3 20 55 29 53 32 87 35 71 42 55 11 32 11 1 62 56 51 40 63 45 89 53 71 16 6 65 75 2 41 81 29 4 31 84 88 88 50 13 1 9 79 15 6 93 57 62 28 58 67 14 64 44 6 87 54 28 26 68 87 69 63 20 63 24 74 54 29 48 27 21 93 19 43 25 86 12 16 66 90 18 4 46 98 70 62 88 52 90 70 28 99 14 32 86 37 23 16 10 9 72 46 71 70 80 8 97 53 90 7 41 15 18 84 85 91 89 11 
16 9 48 95 32 5 59 35 60 96 97 22 57 26 22 83 56 34 26 81 45 56 11 25 7 93 8 99 99 59 81 5 46 89 60 32 36 3 92 47 13 60 32 47 9 12 31 6 97 68 66 38 25 99 96 70 6 89 99 86 16 12 47 73 30 67 63 36 21 72 8 26 34 94 98 75 46 70 71 75 8 7 52 51 14 42 29 43 99 79 32 33 95 92 86 57 72 78 77 18 62 42 62 63 58 2 46 71 34 9 25 18 72 27 86 1 34 56 7 41 18 1 40 69 51 56 20 8 44 3 96 10 34 1 59 51 46 69 4 
89 54 87 34 64 22 37 87 38 16 47 47 43 54 67 27 31 90 33 35 95 13 79 11 59 86 24 10 3 39 10 20 65 92 85 97 54 83 1 62 92 28 85 92 34 27 78 46 9 39 94 63 26 71 42 68 52 48 44 25 27 23 51 56 37 63 93 81 69 52 57 90 41 92 52 56 11 54 38 27 7 46 55 80 34 69 58 1 44 63 94 21 68 57 67 21 34 69 45 42 47 60 64 66 38 9 40 65 9 37 89 32 35 31 21 66 27 63 76 66 93 7 47 75 45 90 83 66 24 91 58 80 19 47 77 59 28 21 96 
2 40 47 61 57 89 71 76 53 58 82 91 6 73 69 1 23 78 95 90 85 84 43 18 55 44 13 3 81 7 93 75 14 30 27 77 85 70 94 73 76 1 83 73 51 52 18 31 92 75 20 17 70 94 40 85 35 7 38 6 23 5 40 72 95 65 13 27 97 39 79 22 7 49 10 97 37 88 92 96 75 20 23 74 33 53 35 16 23 57 49 80 41 92 49 5 73 17 13 49 89 67 29 89 96 80 20 70 20 56 25 20 87 45 38 28 58 88 24 38 15 13 65 59 78 72 62 67 17 88 13 90 39 15 27 60 10 65 66 
58 63 74 27 60 70 76 76 21 13 79 8 28 59 12 27 72 18 41 99 51 52 61 85 34 46 24 90 20 28 35 73 62 50 41 53 7 14 98 60 97 74 59 98 27 2 76 10 80 94 3 23 27 64 99 80 3 25 41 31 40 68 99 10 64 77 55 62 28 77 75 52 25 8 37 17 51 67 60 51 3 27 27 5 78 65 88 17 34 14 36 5 10 47 39 37 81 25 31 10 10 39 71 67 71 80 57 2 44 60 87 84 31 64 70 64 10 47 39 94 73 87 94 79 43 56 80 24 97 74 45 73 36 37 43 55 23 53 5 
58 38 46 7 39 69 91 29 11 29 75 77 40 30 10 60 57 85 89 44 72 92 92 86 27 40 27 98 37 24 2 12 43 39 33 72 86 42 61 22 70 64 31 88 34 15 45 22 23 18 83 74 86 2 13 65 75 49 93 67 13 4 70 25 91 53 35 87 39 67 37 28 31 99 26 95 91 63 58 50 37 93 83 6 53 88 85 54 18 74 21 77 10 16 95 8 98 60 68 12 86 15 86 7 85 14 81 8 25 29 53 93 45 80 62 54 98 17 33 23 29 88 66 35 92 89 86 95 24 50 48 66 68 57 13 19 1 89 67 
90 64 2 64 94 47 27 28 29 78 52 57 10 50 40 4 91 92 52 82 3 57 60 13 37 25 94 67 38 9 57 71 29 94 40 56 28 60 4 64 90 34 43 11 6 63 97 46 66 88 27 59 89 80 23 84 27 40 48 39 53 6 95 4 37 36 27 53 5 32 12 9 77 34 47 8 49 41 68 70 55 72 76 91 42 23 17 68 11 61 6 60 71 10 91 49 28 58 76 66 10 33 92 16 45 32 79 94 62 99 90 99 70 30 53 15 53 72 8 87 84 51 27 23 83 15 27 94 30 50 36 86 98 32 77 81 72 49 83 
21 36 98 31 70 22 15 39 64 65 4 33 98 56 28 8 8 81 43 64 27 97 66 39 97 22 23 75 69 63 80 31 99 54 31 33 12 4 42 88 2 80 5 37 62 62 92 3 13 70 5 34 84 33 28 98 77 89 26 59 62 80 39 75 72 78 79 88 62 33 76 19 65 95 69 1 64 74 99 62 39 30 42 14 55 45 77 38 99 19 73 60 53 20 92 26 3 27 82 17 19 49 7 12 7 14 52 71 64 10 27 9 49 5 70 66 92 55 54 40 8 88 45 88 47 90 55 48 25 6 81 44 29 18 49 64 34 1 1 
83 30 78 94 3 59 43 32 67 85 89 62 13 61 87 29 97 80 8 3 35 35 83 16 60 37 88 36 12 15 67 80 99 80 87 41 42 48 72 63 26 91 91 99 69 57 27 1 2 53 69 21 74 46 12 94 51 25 79 27 57 90 56 76 90 76 11 18 9 61 72 40 12 73 68 98 22 7 31 92 47 30 49 28 50 77 47 85 77 37 60 29 37 40 31 58 73 89 64 16 7 53 68 36 43 33 26 37 27 51 4 28 62 54 11 96 98 8 57 46 5 74 17 84 80 3 84 39 99 64 65 35 6 18 57 32 79 33 76 
2 34 54 30 52 10 83 95 67 23 7 49 33 45 60 29 59 88 55 83 59 13 58 88 57 4 39 34 26 44 35 15 68 77 75 78 80 60 89 55 2 13 55 95 86 11 74 11 22 41 38 61 63 65 93 59 66 12 80 95 54 48 92 25 97 79 98 68 88 86 8 72 30 69 56 70 69 35 1 1 19 21 71 31 94 31 55 28 42 44 88 60 15 53 92 21 74 43 52 76 50 8 51 88 60 78 84 84 33 26 21 7 38 92 51 2 89 89 94 72 17 3 72 98 75 69 51 18 87 65 49 54 49 91 72 85 80 53 96 
68 41 66 91 87 14 69 70 26 20 33 60 98 32 65 15 48 8 54 23 22 36 59 46 46 57 2 17 55 43 1 48 4 17 93 98 40 9 95 29 6 19 10 74 45 78 44 51 98 91 7 79 65 17 4 30 17 70 41 35 8 98 87 68 87 92 15 83 32 57 42 46 51 54 34 72 70 16 37 41 16 3 53 77 38 55 16 10 65 99 64 55 6 69 45 17 36 94 96 47 88 16 84 30 28 5 89 89 49 40 93 33 70 19 70 56 66 56 72 19 4 19 38 63 25 6 58 24 9 13 91 88 40 91 97 96 22 68 87 
2 27 72 42 45 56 5 87 32 7 12 82 9 15 93 38 62 39 86 18 88 52 40 42 8 40 9 54 17 59 25 57 4 96 80 96 55 55 32 77 20 48 74 19 74 23 8 27 48 73 23 59 42 53 70 48 98 80 34 92 97 76 11 35 29 63 74 35 49 80 79 86 19 54 1 72 6 8 99 79 85 88 23 37 98 74 77 82 51 75 42 60 96 73 65 66 6 98 69 5 21 32 71 67 44 41 56 57 15 30 57 91 77 64 65 53 25 75 14 47 67 89 49 11 43 80 29 68 81 73 8 74 41 52 59 34 3 4 9 
83 17 24 80 36 33 33 1 49 1 12 2 59 22 29 90 90 60 53 61 65 17 10 69 59 87 50 80 77 89 36 73 23 43 10 67 99 42 37 19 83 93 65 58 62 25 56 79 70 99 5 48 59 53 30 44 78 37 47 81 38 62 19 91 84 34 27 77 95 33 44 47 98 68 22 26 95 96 2 75 11 91 1 55 99 60 16 29 23 73 76 48 86 95 92 84 75 33 51 7 2 17 81 10 94 27 8 38 41 85 61 64 26 54 25 91 8 91 63 86 35 60 46 67 67 22 26 80 58 19 4 52 58 84 37 14 49 66 27 
40 90 31 85 15 15 97 94 27 70 41 51 57 84 21 2 4 11 83 62 53 28 75 4 97 35 27 97 72 67 58 20 22 52 21 41 55 21 90 88 72 21 18 49 34 39 58 21 66 90 30 72 73 88 96 69 63 16 15 71 79 5 70 51 15 59 18 24 45 15 53 54 56 58 11 21 66 7 53 67 45 10 56 21 13 29 71 56 60 83 56 54 34 87 11 60 67 19 36 77 83 4 40 77 57 22 66 17 24 65 2 10 63 50 51 43 96 83 47 82 72 61 17 26 13 13 43 49 98 32 12 28 97 88 30 32 78 91 12 
33 5 77 41 28 87 15 87 10 69 50 70 40 50 41 68 43 24 81 36 56 67 21 13 8 65 40 53 76 3 82 9 31 72 75 31 98 6 15 1 71 85 95 43 96 59 65 47 81 49 83 59 95 14 53 90 37 80 26 58 99 9 95 11 15 22 66 77 53 53 68 52 82 53 18 21 17 58 18 5 35 65 81 82 46 43 53 13 13 92 18 28 4 62 51 80 60 31 31 68 4 69 5 72 91 39 60 15 87 62 51 85 69 29 43 51 17 68 93 19 96 14 41 12 69 53 54 30 14 67 83 78 47 34 78 55 78 22 7 
80 4 59 29 75 49 51 53 77 63 17 25 65 12 18 72 15 90 74 68 38 34 8 38 43 51 22 86 67 11 60 51 73 92 5 47 14 25 59 53 78 52 20 70 25 42 25 61 63 28 35 97 22 98 68 82 5 69 37 38 95 91 26 29 2 69 10 58 72 51 50 11 19 14 21 16 10 88 77 10 28 14 82 31 22 29 63 9 40 62 69 1 83 55 49 51 74 71 93 45 9 53 43 98 50 87 56 80 83 26 47 99 71 77 61 24 1 81 65 61 88 95 28 11 27 69 72 33 29 68 86 62 77 69 28 82 6 38 66 
76 28 87 4 69 57 32 40 56 41 8 74 47 59 86 65 42 91 50 31 5 83 45 97 6 24 37 60 39 86 5 8 20 5 95 22 26 35 19 24 69 82 2 49 22 20 77 80 3 30 94 7 7 37 43 81 74 31 4 60 68 95 78 59 45 31 19 34 30 52 74 23 64 50 47 53 93 66 13 5 64 36 79 60 80 10 87 84 28 59 25 82 80 80 14 25 37 82 49 77 62 94 44 77 60 31 80 67 9 71 10 98 83 64 8 91 11 92 86 49 40 39 58 35 95 59 87 57 82 24 2 19 12 61 39 47 86 95 45 
7 70 3 84 12 73 55 54 73 68 21 67 30 91 67 11 51 75 6 14 46 92 35 19 16 21 50 11 87 49 78 41 62 24 75 9 66 67 80 62 99 77 12 30 15 36 31 63 82 17 79 88 43 35 20 55 80 18 53 34 67 58 54 77 74 54 22 72 36 14 98 77 5 71 42 19 26 51 85 94 3 33 95 86 93 32 84 56 51 74 86 83 28 51 80 22 56 27 95 46 71 7 57 28 63 30 35 12 12 32 6 61 55 16 59 66 95 91 98 32 7 27 88 38 38 6 31 53 66 60 83 20 83 30 88 54 7 66 36 
84 54 95 10 85 99 42 55 30 99 34 60 43 7 83 8 43 70 87 37 59 76 12 82 66 69 16 10 37 96 16 66 4 84 1 79 67 76 80 33 33 75 11 2 20 86 73 4 42 83 74 30 95 80 8 31 42 82 77 44 22 94 81 98 58 38 60 88 23 19 1 97 91 7 87 38 31 70 21 13 16 61 40 8 44 46 22 1 80 92 48 20 52 83 48 32 63 43 44 44 19 66 95 83 1 25 19 23 65 8 34 24 83 71 49 43 20 56 98 82 39 43 59 18 20 15 20 60 42 3 74 32 86 23 10 43 65 18 19 
66 66 26 34 86 42 34 27 5 37 57 68 67 55 57 21 85 33 63 84 43 34 41 63 59 65 19 21 17 67 99 14 25 32 63 52 24 52 34 71 33 75 44 42 80 5 44 27 74 68 17 35 57 77 58 31 57 36 79 49 24 37 10 31 74 54 30 14 98 91 53 90 1 35 26 23 86 16 61 39 82 81 44 42 75 25 85 55 33 50 13 77 63 97 67 44 3 41 85 49 58 50 39 13 28 30 95 66 63 88 14 63 88 9 5 70 31 90 95 54 62 71 87 40 23 87 61 76 91 37 73 18 41 47 61 83 34 21 63 
37 71 23 92 1 40 79 91 91 30 16 92 20 34 42 20 21 16 31 65 88 67 76 87 20 36 53 27 30 36 5 39 53 98 40 93 63 32 33 12 3 33 37 85 10 75 80 17 38 41 80 88 13 88 60 87 23 24 21 80 97 73 49 75 92 52 47 73 13 74 96 54 45 80 4 44 33 90 96 60 35 76 49 55 30 62 81 81 63 65 99 35 71 67 83 86 39 75 15 59 75 70 1 99 77 86 82 78 68 83 54 67 98 63 56 32 57 33 21 39 81 79 73 84 24 94 29 91 31 5 66 17 54 30 8 75 39 63 87 
7 50 33 45 49 95 38 92 5 85 85 99 45 80 18 48 50 49 45 25 92 3 42 69 37 12 9 46 48 89 49 57 79 18 84 22 2 2 77 23 95 72 15 49 15 80 55 1 30 78 27 37 71 38 35 34 40 40 23 74 81 29 6 66 68 73 31 52 55 38 90 85 40 36 26 18 71 67 41 8 81 82 36 21 90 58 16 45 55 20 85 24 82 67 62 91 52 87 76 79 36 81 44 60 61 22 76 57 43 29 60 31 71 56 6 38 70 12 60 93 95 95 82 82 69 67 15 77 43 95 14 32 75 49 97 73 23 28 52 
25 52 9 85 43 6 66 44 9 95 62 97 30 25 98 39 36 71 70 95 14 83 63 37 47 6 84 39 31 38 28 70 72 72 14 67 77 59 62 58 63 63 21 52 32 28 24 25 92 59 23 10 12 14 36 28 20 11 56 72 19 24 26 39 70 7 96 42 48 85 24 77 20 51 69 64 46 76 94 76 54 98 49 12 40 19 79 74 40 20 38 21 33 82 69 98 85 34 59 96 63 21 9 24 84 61 76 96 86 34 45 96 68 44 33 69 6 49 78 22 79 75 21 46 58 59 65 89 95 47 48 4 23 36 80 92 79 16 10 
29 57 66 53 8 75 85 57 54 8 35 38 12 39 2 39 75 56 28 77 45 40 64 80 73 36 25 32 51 33 3 91 84 54 26 98 76 43 1 69 21 23 37 92 32 31 83 56 87 84 9 24 2 87 27 25 40 73 40 15 79 12 64 35 62 60 55 54 75 70 65 98 81 52 7 53 40 17 54 29 42 28 58 63 71 54 82 96 29 87 99 85 51 78 82 20 6 29 26 95 72 47 21 9 38 13 52 68 90 94 6 85 1 93 59 48 4 27 10 85 71 47 36 98 9 28 89 75 99 94 73 16 67 31 82 42 86 1 63 
27 74 8 24 8 86 44 40 55 94 41 33 76 87 71 11 31 81 58 68 95 51 62 73 33 40 57 75 10 55 69 55 29 17 41 71 35 1 83 88 69 84 71 54 97 70 82 92 96 13 13 86 82 60 58 47 87 85 93 61 36 44 66 97 89 45 25 8 80 65 43 28 6 97 31 42 78 37 42 12 98 78 9 69 47 92 76 47 92 10 4 9 24 3 77 77 84 83 58 13 38 96 23 56 40 17 95 27 52 3 23 50 49 3 71 98 82 28 90 23 79 85 19 75 22 8 54 28 80 23 79 64 9 58 29 61 77 35 49 
12 88 46 70 41 74 18 76 1 22 26 23 59 95 72 20 96 52 51 35 81 35 48 11 46 58 13 2 42 5 9 19 3 65 23 75 87 25 80 74 77 40 33 73 77 90 85 61 78 51 27 27 16 39 45 57 17 69 78 91 90 90 2 56 9 33 64 11 71 33 27 28 93 52 88 36 93 54 61 84 16 1 18 20 70 90 6 12 99 45 54 21 49 30 96 34 46 22 67 92 79 12 64 46 4 30 88 91 71 50 12 74 95 34 96 69 86 92 52 51 41 59 50 95 64 45 23 49 40 78 14 94 86 44 85 5 97 6 61 
25 16 85 3 94 83 5 73 99 77 63 79 61 80 96 83 74 52 53 46 19 86 33 90 42 76 68 19 83 25 66 8 67 58 6 37 95 6 32 8 67 70 33 39 65 39 15 95 95 63 55 13 90 13 59 45 15 96 61 56 75 23 18 43 42 66 75 89 85 83 88 61 55 12 34 93 47 4 61 74 91 50 81 55 45 34 50 79 7 89 41 98 92 50 79 37 17 8 72 95 55 21 44 74 8 53 61 90 70 19 41 25 47 30 87 79 96 38 29 58 37 1 50 94 70 31 22 94 53 1 11 37 53 38 70 75 55 2 46 
51 9 51 19 88 16 69 11 73 5 47 78 34 90 50 38 80 79 98 16 82 17 87 93 79 86 71 4 70 40 9 36 23 95 49 9 94 26 53 64 97 73 75 49 62 94 34 23 45 13 13 89 99 78 28 50 8 61 47 64 6 32 89 82 72 57 52 58 10 11 53 23 87 7 77 41 61 6 34 58 36 3 97 97 81 25 51 75 6 40 41 46 22 1 4 43 30 64 87 76 66 11 20 94 79 34 32 96 48 12 6 32 29 5 94 42 3 81 3 22 46 28 16 29 87 87 92 67 12 97 9 4 56 77 33 6 46 25 53 
33 65 85 36 66 31 9 8 79 27 85 80 91 12 80 47 42 22 67 55 62 12 11 92 34 31 48 62 59 42 57 41 1 31 65 66 92 39 44 52 71 14 86 50 13 64 50 64 59 82 21 30 93 82 95 66 99 31 56 96 25 75 20 44 16 59 41 7 2 73 75 67 82 37 58 87 21 75 89 30 66 76 64 84 47 59 54 45 43 30 9 53 26 63 83 82 71 12 84 73 59 96 47 34 58 13 39 77 19 18 4 50 62 82 59 94 32 5 60 91 43 65 61 18 41 78 26 21 7 20 17 78 91 27 43 28 52 98 3 
8 6 46 45 37 56 5 67 53 82 50 76 95 65 23 10 99 75 94 93 13 45 92 19 10 79 2 84 71 31 4 74 75 76 95 95 24 44 79 15 20 83 28 84 29 67 38 91 15 92 91 38 94 59 91 69 32 91 34 30 90 77 79 9 73 31 32 4 60 73 28 23 19 55 97 44 50 40 54 80 1 84 24 25 33 70 53 4 95 3 96 26 54 76 95 56 87 35 63 15 3 83 63 93 89 40 78 8 24 41 1 56 30 82 99 25 84 50 26 85 91 19 95 78 75 94 63 69 16 29 95 46 95 66 86 58 32 32 42 
11 57 58 83 34 65 87 21 80 8 6 37 18 9 75 67 59 2 76 39 33 77 7 69 97 15 27 51 59 69 23 43 2 2 97 37 95 14 70 40 7 2 39 93 50 59 86 36 83 78 76 24 21 9 56 74 21 28 92 62 48 13 16 81 2 38 20 89 51 98 94 81 54 27 92 2 80 16 82 38 93 87 14 21 85 34 15 45 96 11 79 62 44 31 99 86 13 59 65 17 48 66 45 46 94 38 72 23 38 82 69 57 75 38 35 57 50 75 86 1 89 26 34 60 94 31 77 5 5 10 70 52 35 31 73 87 92 82 65 
31 68 60 71 81 15 24 60 99 61 77 36 90 58 99 88 57 47 18 33 4 57 22 43 75 85 60 51 26 80 12 17 74 44 62 16 48 35 34 96 27 46 52 34 18 3 97 83 62 51 23 40 78 85 22 82 30 15 99 58 39 43 63 6 32 5 29 87 71 95 80 25 94 93 40 7 3 65 79 19 88 38 96 32 45 45 10 37 55 93 41 91 20 90 3 1 64 90 43 88 4 3 62 79 73 25 19 30 77 60 2 96 40 42 31 24 10 82 31 27 46 96 72 3 2 46 56 81 81 99 32 55 6 48 9 90 27 27 54 
49 31 90 43 66 17 20 87 39 76 88 26 22 99 35 44 85 33 82 12 88 26 49 43 13 95 60 71 39 9 46 45 5 59 54 24 11 11 8 83 62 10 30 2 12 30 23 30 61 42 3 76 83 62 3 18 46 98 11 30 96 75 82 97 56 13 32 41 97 83 3 20 25 60 83 23 39 69 53 17 81 25 38 55 22 46 57 76 3 13 71 24 12 93 60 85 99 38 26 52 88 67 77 21 50 67 10 58 97 5 38 11 7 19 61 91 50 14 63 68 85 68 40 20 18 13 13 50 98 25 27 71 27 90 8 26 45 40 21 
81 66 36 15 86 14 70 80 30 35 46 47 39 20 77 24 38 82 33 28 6 68 93 12 41 65 54 75 44 40 53 89 95 42 91 68 10 56 98 63 39 89 49 47 52 5 1 47 16 37 71 60 76 83 40 17 84 44 45 5 45 75 99 2 45 53 70 63 94 69 34 58 52 57 40 84 65 11 91 32 54 44 46 58 67 24 94 4 32 51 66 79 2 40 28 48 87 90 71 70 82 68 13 93 53 18 96 59 53 50 98 72 53 34 82 36 8 14 11 63 36 92 92 43 71 23 44 79 91 70 89 36 54 15 87 46 67 64 46 
97 91 55 27 66 3 71 98 23 54 47 92 12 65 82 43 72 68 43 65 44 65 37 66 59 79 41 17 3 1 50 34 59 16 43 39 28 49 46 55 40 59 35 75 27 76 80 51 63 41 36 54 93 84 96 18 30 22 17 41 15 52 39 22 2 60 64 90 80 96 20 37 32 42 53 1 10 10 20 29 31 53 52 12 47 73 42 43 17 4 59 11 93 37 95 72 8 80 71 44 10 83 98 9 10 16 80 76 57 38 6 5 40 58 14 35 61 61 70 14 19 51 52 37 85 22 40 74 95 82 62 80 95 69 7 15 38 97 60 
60 77 53 51 1 66 92 7 91 64 87 44 62 4 30 88 34 1 36 85 70 56 45 67 21 93 56 96 24 19 22 28 85 1 33 78 28 13 86 16 86 22 20 58 92 96 14 87 66 69 44 69 31 90 53 67 4 62 74 94 44 22 47 90 15 29 13 32 56 9 71 78 58 39 49 28 56 80 88 44 64 98 49 3 37 74 15 88 99 3 76 14 44 95 47 59 5 46 29 34 87 35 80 82 45 91 30 87 72 11 2 44 56 99 7 23 22 20 27 62 79 78 21 45 78 99 98 41 36 64 69 22 84 67 84 36 22 19 96 
5 95 19 35 57 69 62 36 60 63 68 17 39 68 20 22 71 11 21 1 91 69 2 36 73 52 49 17 19 87 35 19 14 93 48 81 58 42 25 76 43 65 85 25 31 95 75 51 51 67 82 85 20 21 63 81 42 59 76 56 8 99 69 51 2 42 41 86 1 5 32 36 23 48 58 7 98 75 55 11 61 77 32 24 79 77 88 92 91 90 35 31 77 8 42 20 89 75 39 75 76 34 59 27 37 85 96 50 58 81 1 39 52 43 11 48 23 22 59 70 32 13 61 85 68 3 68 37 96 7 37 75 67 83 37 25 45 99 32 
80 68 99 4 50 50 8 4 86 45 18 68 80 83 87 12 79 56 50 81 87 87 8 34 49 96 91 17 46 43 30 68 83 54 42 27 54 78 95 19 2 9 6 16 94 61 18 64 34 1 64 20 9 39 91 69 81 46 69 39 52 13 59 66 56 65 29 82 68 8 79 26 96 80 77 6 42 16 13 7 24 40 14 39 53 22 23 58 80 3 83 45 86 78 79 52 85 47 56 4 7 52 34 97 80 79 6 27 28 46 23 42 40 93 39 92 68 38 53 75 61 4 74 23 28 25 15 96 49 4 2 42 70 84 18 48 99 58 55 
89 32 7 97 63 7 92 67 52 41 40 66 43 51 93 67 50 33 24 14 33 31 18 41 72 27 56 48 5 90 81 68 86 47 73 99 48 35 67 99 55 29 51 97 82 66 94 37 36 78 36 58 29 31 35 30 98 97 98 12 2 28 44 35 20 24 37 61 79 31 65 31 91 32 67 63 20 96 36 9 76 62 26 66 26 79 52 92 23 62 23 2 89 13 22 22 87 97 68 73 45 11 15 83 76 46 28 33 99 76 36 13 58 79 5 82 19 16 54 60 13 46 31 77 3 71 3 31 81 59 72 90 19 32 72 73 73 17 91 
40 75 41 74 71 69 28 35 41 60 34 55 1 42 12 77 25 58 32 24 95 39 24 53 45 9 11 20 11 59 95 69 60 1 98 58 41 19 23 91 57 77 67 23 83 68 35 34 31 1 39 40 11 68 24 22 47 41 11 57 36 22 13 94 12 90 13 40 96 93 74 6 91 82 29 1 21 55 37 14 53 84 34 32 51 1 75 35 4 74 26 7 55 11 88 80 2 44 12 86 70 54 84 26 34 87 13 94 93 68 48 83 8 52 12 95 18 55 12 24 96 47 78 54 83 87 57 16 89 8 71 24 58 14 53 80 64 9 76 
37 11 90 7 58 33 25 59 34 43 77 16 43 97 5 45 76 19 78 70 93 76 94 58 69 90 56 34 2 3 27 41 78 33 10 91 10 72 41 39 61 81 22 72 95 9 92 95 53 82 87 44 31 56 85 51 36 83 67 97 74 12 51 76 89 63 86 34 44 87 13 70 28 11 82 57 29 69 67 68 97 45 15 30 61 42 28 4 19 43 79 29 74 5 59 16 93 8 89 51 62 94 51 76 14 23 48 31 79 70 84 16 59 19 48 89 45 55 42 76 21 33 53 79 3 46 97 93 63 97 36 6 95 63 28 23 43 16 80 
15 85 96 135
185 87 216 134
222 17 228 72
181 70 189 90
1 19 36 68
197 91 214 109
111 85 193 134
156 75 176 137
190 4 222 101
220 129 232 133
83 119 212 138
220 59 231 96
4 123 212 127
36 10 77 111
220 36 235 84
137 94 178 136
218 104 226 104
216 23 223 51
139 77 173 85
233 100 235 122
29 29 121 98
40 98 107 116
232 63 234 133
96 78 97 83
72 37 137 97
88 66 88 75
6 29 47 127
22 16 31 92
152 109 218 125
104 81 170 102
153 71 232 121
176 43 199 67
213 76 218 127
48 134 133 137
19 7 71 42
152 31 221 47
16 92 233 127
77 22 80 44
176 111 198 132
69 75 121 123
71 16 165 103
66 128 231 128
39 17 99 135
23 40 167 99
76 18 145 129
98 57 201 86
21 68 116 120
